2 1 0 -1 0 97 3810
2 1 0 -1 0 98 5285
2 1 0 -1 0 98 5625
2 1 0 -1 0 102 11742
2 1 0 -1 0 107 19033
2 1 0 -1 0 123 44795
2 1 0 -1 0 138 67599
2 1 0 -1 0 148 82222
2 1 0 -1 0 149 83625
2 1 0 -1 0 153 89491
2 1 0 -1 0 157 97041
2 1 0 -1 0 159 99221
4 1 0 -1 25 7790 29054
4 1 0 -1 66 7790 76918
4 1 0 -1 3298 7790 997994
4 1 0 -1 3299 7790 998126
4 1 0 -1 3299 7790 998189
4 1 0 -1 3679 7790 1076772
4 1 0 -1 3815 7790 1102397
4 1 0 -1 4764 7790 1288162
6 3 0 -1 11 1 2462
6 3 0 -1 31 2 3411
6 3 0 -1 61 3 4824
6 3 0 -1 66 3 5064
6 3 0 -1 71 3 5303
6 3 0 -1 76 3 5533
6 3 0 -1 96 4 6488
6 3 0 -1 105 5 6918
11 1 0 -1 9 106 16791
15 3 0 -1 589 25 27829
15 4 0 -1 548 65 69640
15 5 0 -1 412 100 105421
15 5 0 -1 658 110 116132
16 29 0 -1 9 127 143579
21 15 0 -1 823 188 206591
22 11 0 0 14 130 114438
22 24 0 0 6 249 252976
25 4 0 -1 2 42 28030
25 4 0 -1 3 43 28483
26 1 0 -1 34 156 102801
26 1 0 -1 40 172 129329
26 1 0 -1 61 211 191037
26 1 0 -1 64 219 204956
29 5 27 0 -1 41 33157
30 61 0 -1 -1 64 44398
30 62 0 -1 1 64 45123
31 3 0 -1 12 89 97050
31 3 0 -1 29 103 112483
31 3 0 -1 29 103 112755
31 3 0 -1 83 148 169954
31 4 0 -1 42 286 341091
31 4 0 -1 42 286 341146
31 4 0 -1 42 286 341234
31 4 0 -1 42 286 341302
31 4 0 -1 42 286 341448
31 4 0 -1 42 287 341902
31 4 0 -1 42 287 341961
31 4 0 -1 42 287 342350
31 4 0 -1 42 287 342651
31 4 0 -1 44 287 342857
31 4 0 -1 44 288 343091
31 4 0 -1 45 290 344716
31 4 0 -1 45 290 345109
31 4 0 -1 45 290 345207
31 4 0 -1 45 291 346664
31 4 0 -1 45 291 346736
31 4 0 -1 46 293 348163
31 4 0 -1 46 293 348218
31 4 0 -1 46 293 348869
31 4 0 -1 46 293 349099
31 4 0 -1 46 293 349130
31 4 0 -1 46 293 349216
31 4 0 -1 46 293 349398
31 4 0 -1 46 293 349528
31 4 0 -1 46 293 349552
31 4 0 -1 46 294 350497
31 4 0 -1 46 294 350590
31 4 0 -1 46 294 351009
31 4 0 -1 46 295 351250
31 4 0 -1 46 295 352045
31 4 0 -1 46 295 352295
31 4 0 -1 46 295 352795
31 4 0 -1 46 296 353697
31 4 0 -1 46 296 353832
31 4 0 -1 46 298 355821
31 4 0 -1 46 298 355900
31 4 0 -1 46 298 356428
31 4 0 -1 46 299 357077
31 4 0 -1 46 299 357096
31 4 0 -1 46 299 357161
31 4 0 -1 46 299 357218
31 4 0 -1 46 299 357546
31 4 0 -1 46 299 357619
31 4 0 -1 46 299 357747
31 4 0 -1 46 300 358157
31 4 0 -1 46 300 358282
31 4 0 -1 46 300 358316
31 4 0 -1 47 300 358743
31 4 0 -1 48 301 359636
31 4 0 -1 48 301 360010
31 4 0 -1 49 301 360391
31 5 0 -1 0 304 363285
31 5 0 -1 1 304 363788
31 5 0 -1 2 304 364169
31 5 0 -1 2 305 364543
31 5 0 -1 2 305 364599
31 5 0 -1 3 305 365556
31 5 0 -1 5 306 366351
31 5 0 -1 5 306 366463
31 5 0 -1 5 307 366954
31 5 0 -1 5 307 366974
31 5 0 -1 5 307 366996
31 5 0 -1 6 308 368503
31 5 0 -1 6 308 368572
31 5 0 -1 37 345 416539
31 5 0 -1 52 373 442303
32 1 1 0 1 7790 4566
32 1 2 0 0 7790 7343
32 1 3 0 83 7790 20744
32 2 0 -1 37 6 51918
32 2 0 -1 71 13 92777
32 2 0 -1 71 13 95240
32 2 0 -1 71 13 95392
32 2 0 -1 71 13 95909
32 3 0 -1 29 19 132442
32 6 0 -1 136 83 377445
32 7 0 -1 10 88 400209
32 10 0 -1 124 131 668891
32 10 0 -1 124 131 669021
32 11 0 -1 83 145 744217
32 11 0 -1 291 7790 824498
32 11 0 -1 518 7790 871860
32 11 0 -1 575 7790 891409
32 11 0 -1 717 7790 940689
32 11 0 -1 762 7790 968899
33 2 0 -1 1 668 10247
33 2 0 -1 17 679 35967
35 54 0 -1 -1 64 59088
38 4 0 -1 136 7791 198110
39 1 0 -1 0 599 2462
40 1 0 -1 70 12 25561
40 11 0 -1 2 55 124179
40 15 0 -1 3 69 158528
40 25 0 -1 2 100 236852
40 26 0 -1 2 103 242803
40 42 0 -1 2 179 431931
40 70 0 -1 2 264 642727
42 2 0 -1 5 3 7864
42 3 0 -1 -1 5 10103
42 21 0 -1 1 84 144272
42 31 0 -1 3 117 198480
42 42 0 -1 9 151 260293
42 55 0 -1 -1 197 326262
42 75 0 -1 0 274 459673
42 113 0 -1 -1 317 482096
43 49 0 -1 -1 65 53103
44 3 0 0 748 29 36796
44 6 2 0 150 196 243419
44 19 0 0 818 418 531485
44 21 0 0 788 483 619829
46 1 49 0 2 477 289317
46 1 50 0 -1 477 289551
46 2 12 0 2 557 469739
47 2 0 -1 0 1162 68807
47 6 0 -1 16 1252 291613
47 6 0 -1 22 1260 312308
50 33 0 -1 9 31 26548
53 6 2 0 3 977 692694
53 6 2 0 4 977 692731
53 8 4 0 53 1075 937535
53 8 6 0 9 1081 950231
54 67 0 -1 209 238 413508
61 1 50 0 -1 36 49750
61 2 50 0 -1 79 109629
68 2 17 0 2 72 197074
68 2 17 0 2 72 197092
68 2 26 0 9 160 486275
68 2 48 0 4 292 877167
68 3 5 0 4 374 1102200
68 3 11 0 15 454 1353215
68 3 15 0 4 623 1923821
68 4 4 0 15 849 2619766
68 4 4 0 15 849 2619909
77 65 0 -1 2 234 468001
77 65 0 -1 2 234 468203
86 2 0 -1 0 98 160131
86 3 0 -1 0 182 224726
86 3 0 -1 0 187 227390
90 2 33 0 0 7790 42874
90 2 47 0 1 7790 63297
90 2 52 0 0 7790 69875
90 2 75 0 0 7790 97879
90 2 82 0 1 7790 108620
90 4 30 0 0 7790 173622
90 5 1 0 0 7790 216808
90 7 2 0 0 7790 232047
90 7 4 0 0 7790 234603
90 7 7 0 0 7790 238356
90 7 10 0 -1 7790 240737
90 7 33 0 0 7790 265241
90 7 35 0 0 7790 267564
90 7 35 0 1 7790 267860
96 1 0 -1 10 133 74363
96 1 0 -1 10 133 74420
96 1 0 -1 11 137 88809
96 1 0 -1 13 147 130101
96 3 0 -1 18 297 645444
96 6 0 -1 9 405 1030117
96 7 0 -1 3 455 1199786
96 7 0 -1 3 455 1200402
96 7 0 -1 5 477 1279215
96 7 0 -1 5 480 1288382
96 7 0 -1 5 480 1289348
96 9 0 -1 1 526 1456250
96 11 0 -1 1 565 1601287
96 11 0 -1 1 566 1606632
97 21 0 -1 4 131 208711
97 24 0 -1 5 152 245035
97 62 0 -1 2 378 580058
97 144 0 -1 1 866 1311752
104 10 0 -1 0 211 159907
110 29 0 -1 1 272 227766
120 7 0 -1 17 152 244323
124 1 0 -1 -1 3 3580
124 2 0 -1 -1 4 4444
124 3 0 -1 -1 6 5309
124 4 0 -1 -1 7 6062
124 5 0 -1 -1 8 6870
124 6 0 -1 -1 10 7776
125 25 0 -1 -1 155 130671
126 26 0 -1 4 97 107120
128 13 0 -1 0 324 152881
136 2 0 -1 6 228 442236
152 1 0 -1 52 213 43940
152 1 0 -1 94 349 76953
160 1 1 8 3 159 41973
163 1 0 -1 5 4 17025
163 2 0 -1 14 8 31273
163 2 0 -1 19 9 34517
163 3 0 -1 2 12 41378
163 3 0 -1 3 12 41671
163 3 0 -1 4 12 44172
163 3 0 -1 4 12 44331
163 5 0 -1 2 17 58287
163 6 0 -1 20 26 93176
163 6 0 -1 20 26 93600
166 8 0 -1 7 133 226399
166 15 0 -1 82 341 473494
166 15 0 -1 83 341 473743
168 33 0 -1 2 105 181068
175 2 0 -1 21 514 28343
177 1 0 -1 0 55 53366
178 1 0 -1 23 45 23285
178 1 0 -1 53 141 45422
178 1 0 -1 53 141 45560
181 1 0 -1 141 38 141950
182 1 0 -1 8 217 13754
185 1 0 -1 3 4 7322
186 17 1 0 9 158 305654
190 1 0 -1 2 193 5462
190 1 0 -1 2 194 5843
190 1 0 -1 2 194 6011
199 5 20 0 1 11 16287
200 5 0 -1 0 57 22898
200 12 0 -1 0 103 58704
209 2 0 -1 33 708 66714
215 8 0 -1 0 39 37750
215 32 0 -1 1 124 154204
217 8 0 -1 0 137 104580
217 8 0 -1 0 137 105037
217 8 0 -1 0 138 106139
223 1 1 0 7 22 5852
230 52 0 -1 -1 113 98816
230 80 0 -1 0 176 177858
234 2 0 -1 6 131 21518
238 6 0 -1 9 166 112259
238 8 0 -1 4 194 132256
238 12 0 -1 9 241 183803
239 4 0 -1 0 58 203362
240 1 2 0 0 7790 16889
240 20 0 -1 3 39 72548
240 39 0 -1 0 99 141087
240 39 0 -1 0 101 144115
240 59 0 -1 2 151 200125
241 20 0 -1 -1 37 44381
241 29 0 -1 0 56 66582
251 9 0 -1 7 447 467596
252 1 0 -1 0 1 4095
252 1 0 -1 0 2 5056
253 1 1 0 0 7790 4301
255 1 1 0 0 22 52285
255 1 2 7 10 249 410807
255 1 2 8 2 275 451718
255 1 2 8 6 286 470230
255 2 1 1 1 995 1575730
255 3 1 2 0 1764 2768954
255 4 1 0 0 2312 3665432
255 5 0 0 0 2727 4387004
255 5 0 2 0 2767 4447915
255 5 0 3 0 2806 4507284
255 5 0 3 0 2811 4514955
255 5 1 3 1 3091 4940951
255 5 2 1 1 3253 5187758
255 5 2 3 0 3286 5237898
255 5 2 4 0 3315 5282362
255 5 2 5 0 3355 5343595
255 5 2 7 0 3401 5414710
255 5 2 8 0 3423 5449383
255 6 0 0 6 3504 5572654
255 6 2 3 0 4092 6493776
255 7 0 11 0 4628 7327297
255 8 0 5 0 5245 8266800
257 3 0 -1 1 49 68901
258 15 0 -1 0 256 316354
259 18 0 -1 0 83 58456
264 15 0 -1 1 53 55226
264 15 0 -1 1 53 55426
285 6 0 -1 4 76 53447
285 24 0 -1 18 203 203922
286 7 0 -1 0 64 197022
296 1 2 4 4 604 44346
310 51 0 -1 -1 109 22745
311 5 10 0 0 56 74527
311 5 10 0 0 56 74536
311 9 0 0 0 191 204256
319 2 0 -1 69 70 76243
319 2 0 -1 86 75 89207
319 3 0 -1 61 130 212843
319 8 0 -1 68 195 360535
319 10 0 -1 48 229 437609
321 1 0 4 25 85 40186
324 2 0 -1 12 13 24999
324 4 0 -1 24 47 106023
324 4 0 -1 24 47 106034
324 4 0 -1 26 48 107387
327 1 1 0 29 390 11567
330 3 0 -1 111 92 197637
336 1 0 -1 0 79 4423
336 4 0 -1 0 95 39115
336 5 0 -1 1 98 46227
336 8 0 -1 10 111 74283
340 5 0 -1 1 223 167877
340 5 0 -1 1 224 167992
340 5 0 -1 1 224 168010
341 1 2 1 61 497 100355
344 1 1 3 1 409 39841
345 4 0 -1 22 148 115102
345 6 0 -1 2 286 205469
345 6 0 -1 2 286 205764
345 6 0 -1 4 288 207426
345 6 0 -1 12 306 219158
345 6 0 -1 17 321 227174
345 6 0 -1 41 422 292752
345 6 0 -1 51 451 315750
345 7 0 -1 9 472 334716
345 7 0 -1 13 479 338024
345 7 0 -1 14 483 341794
345 7 0 -1 15 498 353283
345 7 0 -1 22 519 368445
349 2 50 0 -1 11 16167
349 3 50 0 -1 31 46498
349 4 10 0 0 40 61633
349 4 50 0 -1 47 72424
349 5 50 0 -1 58 92510
349 6 50 0 -1 73 119784
350 1 5 3 6 563 95806
364 18 0 -1 0 109 147526
364 21 0 -1 68 307 594613
366 1 0 -1 44 22 55015
366 1 0 -1 44 22 55129
367 7 0 -1 0 4 8664
367 19 0 -1 0 30 22008
367 21 0 -1 0 34 24254
367 24 0 -1 0 40 27609
367 37 0 -1 0 66 42027
367 87 0 -1 0 166 96871
367 135 0 -1 0 262 147602
367 154 0 -1 0 300 168355
367 202 0 -1 0 396 222291
367 221 0 -1 0 434 243576
367 221 0 -1 0 434 243717
367 231 0 -1 2 456 255150
367 231 0 -1 3 458 255842
367 232 0 -1 1 460 256767
367 232 0 -1 1 460 256905
369 10 0 -1 3 131 212393
375 4 7 0 0 12 11604
375 4 135 0 2 7790 72231
375 4 135 0 9 78 73396
375 4 136 0 2 83 79757
382 1 0 -1 269 152 367085
384 12 0 -1 24 282 172568
386 1 0 -1 39 113 75705
389 2 3 10 1 247 107751
389 2 3 10 1 247 107839
392 82 0 -1 18 137 351497
392 149 0 -1 3 47 1243617
392 150 0 -1 1 50 1246174
392 150 0 -1 1 50 1246183
392 150 0 -1 2 50 1246749
392 150 0 -1 2 52 1248352
392 150 0 -1 2 52 1248362
392 150 0 -1 3 52 1248689
392 166 0 -1 0 118 1319257
392 166 0 -1 3 120 1321394
392 166 0 -1 3 120 1321444
392 168 0 -1 0 126 1326892
392 168 0 -1 1 128 1328170
392 169 0 -1 4 138 1337374
392 171 0 -1 2 148 1348445
392 171 0 -1 2 148 1348696
392 171 0 -1 2 149 1349627
392 171 0 -1 2 149 1349760
392 174 0 -1 3 160 1363106
392 174 0 -1 3 160 1363141
392 174 0 -1 3 160 1363186
392 175 0 -1 0 165 1367232
392 175 0 -1 2 166 1368041
392 222 0 -1 4 251 2010248
392 222 0 -1 5 252 2011078
392 222 0 -1 10 257 2016165
392 257 0 -1 3 100 2539023
392 257 0 -1 3 100 2539151
393 4 0 -1 0 12 13124
397 1 1 0 0 7790 5564
397 2 36 0 0 24 36164
397 3 46 0 0 85 107561
401 2 1 49 -1 65 113390
401 3 0 -1 0 180 318157
401 3 0 -1 0 180 318213
401 3 0 -1 0 180 318261
401 3 0 -1 0 180 318327
401 3 0 -1 0 180 318409
401 3 0 -1 0 180 318487
401 3 0 -1 1 180 318587
401 3 0 -1 1 180 318643
401 3 0 -1 1 180 318700
401 3 0 -1 1 180 318755
401 3 0 -1 1 180 318810
401 3 0 -1 1 180 318865
401 3 0 -1 1 180 318938
401 3 0 -1 1 180 319007
401 3 0 -1 1 180 319081
401 3 0 -1 2 180 319176
401 3 0 -1 2 180 319258
401 3 0 -1 2 180 319315
401 3 0 -1 2 180 319370
401 3 0 -1 2 181 319694
401 3 0 -1 3 181 319796
401 3 0 -1 3 181 319943
401 3 0 -1 3 181 320130
401 3 0 -1 3 181 320180
401 3 0 -1 4 181 320347
401 3 0 -1 4 181 320405
401 3 0 -1 4 181 320461
401 3 0 -1 4 181 320516
401 3 0 -1 4 181 320587
401 3 0 -1 4 181 320699
401 3 0 -1 4 181 320747
401 3 0 -1 4 181 320802
401 3 0 -1 5 181 320907
401 3 0 -1 5 181 320975
401 3 0 -1 5 181 321080
401 3 0 -1 5 181 321138
401 3 0 -1 5 181 321194
401 3 0 -1 5 181 321249
401 3 0 -1 5 181 321305
401 3 0 -1 5 182 321500
401 3 0 -1 5 182 321556
401 3 0 -1 5 182 321612
401 3 0 -1 5 182 321668
401 3 0 -1 5 182 321724
401 3 0 -1 5 182 321782
401 3 0 -1 5 182 321865
401 3 0 -1 5 182 321947
401 3 0 -1 5 182 322004
401 3 0 -1 5 182 322063
401 3 0 -1 5 182 322122
401 3 0 -1 5 182 322180
401 3 0 -1 5 182 322236
401 3 0 -1 5 182 322293
401 3 0 -1 5 182 322352
401 3 0 -1 5 182 322411
401 3 0 -1 5 182 322492
401 3 0 -1 6 182 322694
401 3 0 -1 7 182 322840
401 3 0 -1 8 182 322953
401 3 0 -1 8 182 323035
401 3 0 -1 9 182 323152
401 3 0 -1 10 182 323264
401 3 0 -1 11 182 323377
402 2 50 0 -1 65 120093
406 1 0 -1 16 38 21726
406 1 0 -1 20 39 23669
406 1 0 -1 25 49 30761
406 1 0 -1 31 57 35199
406 1 0 -1 39 64 40630
406 1 0 -1 42 72 43395
406 2 0 -1 7 115 77317
406 2 0 -1 25 142 96599
406 5 0 -1 31 362 232871
406 6 0 -1 1 367 237885
406 7 0 -1 2 403 265864
406 9 0 -1 2 432 294728
406 9 0 -1 2 433 294982
406 9 0 -1 4 435 296896
406 9 0 -1 6 445 299514
407 2 0 -1 60 156 300657
407 2 0 -1 68 168 329954
408 1 0 -1 0 1 3641
409 1 0 -1 68 94 84811
422 2 1 1 11 5 17162
425 7 0 -1 2 223 353047
431 3 0 -1 5 48 26553
434 18 0 -1 0 36 26264
434 27 0 -1 0 47 34677
434 67 0 -1 0 92 67317
434 68 0 -1 0 94 69023
436 8 0 -1 3 78 87033
436 14 0 -1 15 137 195299
440 1 0 -1 -1 7790 3151
440 1 0 -1 0 1 3404
445 4 0 -1 90 128 120506
445 11 0 -1 12 274 371146
445 13 0 -1 129 372 546898
445 14 0 -1 11 390 581377
445 15 0 -1 21 411 621370
445 15 0 -1 21 411 621382
445 16 0 -1 28 444 681547
450 14 0 -1 16 463 1049550
452 1 0 -1 7 87 6724
452 1 0 -1 7 87 6753
454 1 0 -1 147 200 101186
457 1 0 -1 3 13 10924
457 4 0 -1 0 70 63835
457 5 0 -1 0 75 66351
457 7 0 -1 0 117 98636
457 7 0 -1 0 118 99393
457 10 0 -1 14 157 136804
467 32 0 -1 0 108 90395
472 1 0 -1 57 66 137279
472 1 0 -1 126 136 301207
472 1 0 -1 351 382 854910
475 1 9 0 21 72 540131
476 2 9 0 14 62 99207
476 2 19 0 0 100 190067
476 2 21 0 20 117 231871
478 18 0 -1 1 142 51196
479 6 18 0 -1 38 66664
493 1 0 0 44 12 74518
494 11 0 -1 4 137 160064
494 11 0 -1 4 137 160098
494 12 0 -1 0 151 166094
494 17 0 -1 1 192 192277
494 17 0 -1 1 193 192682
494 17 0 -1 1 193 192802
494 17 0 -1 1 193 192956
494 17 0 -1 1 194 193523
494 17 0 -1 1 194 193711
494 17 0 -1 1 194 193813
494 17 0 -1 1 194 193871
496 2 0 -1 27 43 19434
496 3 0 -1 39 74 68008
496 4 0 -1 47 94 99176
496 4 0 -1 49 95 100189
496 5 0 -1 44 114 133114
497 26 0 -1 -1 50 131190
497 47 0 -1 -1 79 208414
500 3 0 -1 72 353 540280
500 3 0 -1 73 354 542911
502 6 0 -1 0 122 141487
507 78 0 0 0 11 165051
511 7 0 -1 118 374 880585
514 1 5 0 16 39 252193
517 36 0 -1 38 229 282054
517 36 0 -1 38 229 282091
517 44 0 -1 6 264 324658
521 2 2 0 8 5 11003
521 2 3 0 10 10 17401
521 2 3 0 16 11 18833
521 2 5 0 1 21 31765
522 1 8 0 29 92 677442
523 1 0 0 23 5 29402
530 1 20 0 18 173 1318812
531 1 7 0 9 65 461512
531 2 0 -1 92 196 1412979
533 1 0 -1 31 57 71217
533 2 0 -1 4 128 156574
533 2 0 -1 8 135 165741
533 3 0 -1 10 248 303431
533 3 0 -1 16 265 323613
533 3 0 -1 16 266 324908
533 3 0 -1 19 271 331395
533 3 0 -1 29 293 358868
533 3 0 -1 33 306 373897
533 3 0 -1 33 306 374120
533 4 0 -1 9 323 395140
533 4 0 -1 10 325 397382
533 4 0 -1 10 326 398451
533 4 0 -1 15 343 419435
533 4 0 -1 16 346 422959
533 4 0 -1 19 354 432767
533 4 0 -1 19 355 434697
533 4 0 -1 19 357 436684
533 4 0 -1 19 358 437727
533 4 0 -1 24 371 454464
533 4 0 -1 28 381 466746
533 5 0 -1 4 14 504211
533 5 0 -1 4 19 511264
533 5 0 -1 8 30 523415
533 5 0 -1 9 38 533845
533 5 0 -1 9 38 533949
533 5 0 -1 9 38 534325
533 5 0 -1 14 42 539135
533 5 0 -1 14 43 539750
533 5 0 -1 14 43 540411
533 5 0 -1 14 46 543731
533 5 0 -1 14 49 546972
533 5 0 -1 27 80 585724
533 5 0 -1 29 84 590948
533 6 0 -1 1 104 613529
533 6 0 -1 1 105 614702
533 6 0 -1 8 126 640537
533 6 0 -1 8 128 642339
533 6 0 -1 8 128 642392
533 6 0 -1 14 132 647674
533 6 0 -1 16 136 651950
533 6 0 -1 17 139 655875
533 6 0 -1 26 162 683722
533 6 0 -1 26 165 688271
533 6 0 -1 26 166 688883
533 6 0 -1 28 171 695464
533 6 0 -1 31 176 701527
533 6 0 -1 38 183 710478
533 6 0 -1 39 184 710815
533 7 0 -1 4 198 727732
533 7 0 -1 33 237 776005
533 7 0 -1 43 259 803670
533 7 0 -1 43 260 804063
533 8 0 -1 0 283 831486
533 8 0 -1 0 285 834460
533 8 0 -1 2 287 837236
533 8 0 -1 3 289 839323
533 8 0 -1 11 301 854238
533 8 0 -1 17 306 860919
533 8 0 -1 23 322 880163
533 9 0 -1 14 399 973649
533 9 0 -1 26 423 1004324
533 10 0 -1 7 475 1066882
533 11 0 -1 0 546 1151472
533 11 0 -1 9 566 1177865
533 11 0 -1 10 567 1178778
533 11 0 -1 15 573 1187271
533 12 0 -1 1 632 1258704
533 12 0 -1 5 641 1270002
533 12 0 -1 5 641 1270410
533 12 0 -1 13 656 1288635
537 1 0 -1 33 161 107691
540 130 0 -1 3 125 441106
540 130 0 -1 5 126 443114
550 13 0 -1 6 182 184300
555 3 1 0 227 202 237452
555 3 1 0 227 202 237600
555 3 1 0 227 202 237636
555 3 1 0 227 202 237768
555 3 1 0 227 202 237878
555 3 1 0 232 203 240146
555 3 1 0 233 204 240597
555 3 1 0 233 204 240762
559 2 1 0 3 6 10089
559 2 1 0 11 16 21165
559 2 1 0 12 18 23778
559 3 0 0 5 47 58160
559 3 0 3 1 58 71130
563 43 0 -1 4 74 168708
563 43 0 -1 4 74 168770
563 43 0 -1 4 74 168791
563 43 0 -1 4 74 168864
563 68 0 -1 4 114 267006
563 68 0 -1 4 114 267524
570 25 0 -1 10 194 216686
573 2 6 0 14 49 83797
573 3 4 0 1 96 163775
574 10 0 -1 17 297 1535874
577 1 0 -1 12 371 50997
577 1 0 -1 21 397 82154
577 2 0 -1 2 484 184483
577 2 0 -1 2 485 185714
577 2 0 -1 2 486 186327
577 2 0 -1 2 487 187651
577 2 0 -1 7 514 221094
586 38 0 -1 7 96 106930
590 73 0 -1 9 191 1824106
590 79 0 -1 0 256 1940878
597 8 0 -1 3 122 103534
597 13 0 -1 8 204 167778
597 14 0 -1 4 226 185691
597 14 0 -1 5 227 186820
604 2 0 -1 0 7793 4816
604 2 0 -1 0 7794 5781
604 2 0 -1 1 7795 6634
604 2 0 -1 2 7796 8324
604 3 0 -1 0 1 9057
604 3 0 -1 1 3 10800
604 3 0 -1 14 17 31683
604 3 0 -1 15 18 32448
604 3 0 -1 18 23 40467
604 3 0 -1 26 39 63262
604 3 0 -1 34 61 95863
604 4 0 -1 36 116 171248
604 4 0 -1 36 116 171444
604 4 0 -1 74 151 220152
604 4 0 -1 75 153 222724
604 4 0 -1 75 153 223749
604 4 0 -1 75 153 223807
604 4 0 -1 85 162 235283
604 5 0 -1 10 188 271372
604 5 0 -1 10 189 272974
604 5 0 -1 10 191 275318
604 6 0 -1 35 290 415525
604 6 0 -1 42 307 440102
604 7 0 -1 28 362 514625
604 8 0 -1 1 380 539022
604 9 0 -1 0 7481 636145
604 10 0 -1 30 53 709304
604 11 0 -1 8 82 748614
604 11 0 -1 10 91 759393
604 11 0 -1 25 109 783767
604 11 0 -1 41 130 810883
604 12 0 -1 9 166 857301
604 12 0 -1 12 176 871776
604 12 0 -1 38 212 922141
604 13 0 -1 12 249 971489
604 13 0 -1 27 272 1003404
604 13 0 -1 28 274 1005009
604 13 0 -1 30 277 1009990
604 13 0 -1 30 279 1012720
604 13 0 -1 32 281 1015326
604 14 0 -1 5 314 1059915
604 14 0 -1 5 315 1060780
604 14 0 -1 8 321 1070065
604 14 0 -1 15 329 1079872
604 14 0 -1 30 342 1097802
604 15 0 -1 33 431 1219769
604 15 0 -1 80 473 1277143
614 178 0 -1 0 321 2393276
617 1 1 0 3 7790 3658
617 1 1 0 4 7790 3759
617 1 1 0 6 7790 3915
617 1 1 0 6 7790 3933
617 1 1 0 7 7790 4107
617 1 1 0 7 7790 4129
620 2 1 0 8 7790 14841
620 10 0 -1 2 7790 131538
620 22 0 -1 1 7790 201966
621 2 0 -1 4 5 7839
621 2 0 -1 20 16 20975
621 2 0 -1 42 34 41905
622 2 24 0 2 224 500844
623 2 78 0 0 46 56670
623 2 86 0 0 49 61224
623 4 4 0 0 7790 83221
627 1 0 -1 12 44 58981
627 2 0 -1 26 174 225051
628 1 0 -1 -1 7790 3502
628 2 0 -1 -1 474 19321
628 3 0 -1 -1 485 36936
628 4 0 -1 -1 489 45045
628 5 0 -1 -1 497 62774
628 6 0 -1 -1 501 70122
628 7 0 -1 -1 508 81563
628 8 0 -1 -1 511 87470
628 9 0 -1 -1 520 107548
628 9 0 -1 36 542 156765
628 10 0 -1 -1 558 192448
628 11 0 -1 -1 562 198876
628 12 0 -1 -1 593 268668
628 13 0 -1 -1 620 326166
628 14 0 -1 -1 635 357755
628 15 0 -1 -1 665 420424
628 16 0 -1 -1 666 421917
628 17 0 -1 -1 694 481950
628 18 0 -1 -1 706 507231
628 19 0 -1 -1 711 511692
628 20 0 -1 -1 711 512039
628 21 0 -1 -1 718 526534
628 22 0 -1 -1 741 574041
628 22 0 -1 8 744 579405
628 22 0 -1 26 754 602797
628 23 0 -1 -1 765 625912
628 24 0 -1 -1 786 670726
628 25 0 -1 -1 819 745950
628 26 0 -1 -1 820 747569
628 27 0 -1 -1 822 753411
628 28 0 -1 -1 828 765499
628 29 0 -1 -1 841 793616
628 29 0 -1 12 848 810833
629 1 0 -1 -1 7790 3497
629 1 0 -1 23 589 30744
629 1 0 -1 23 589 30779
629 2 0 -1 -1 600 53487
629 3 0 -1 -1 604 54740
629 4 0 -1 -1 618 86803
629 5 0 -1 -1 629 112252
629 6 0 -1 -1 639 134225
629 7 0 -1 -1 645 147543
629 8 0 -1 -1 650 158839
633 1 0 -1 0 2 4518
633 1 0 -1 0 3 6942
633 1 0 -1 1 6 9915
633 1 0 -1 2 7 11325
633 1 0 -1 5 10 15672
633 1 0 -1 6 12 18130
633 1 0 -1 32 69 91168
633 1 0 -1 32 70 91587
633 1 0 -1 38 81 106097
633 1 0 -1 38 81 106690
633 1 0 -1 41 91 118747
633 1 0 -1 43 101 131727
633 1 0 -1 45 103 135091
633 1 0 -1 45 104 136248
633 1 0 -1 45 105 136695
633 1 0 -1 45 105 136917
633 1 0 -1 45 105 137222
633 1 0 -1 47 107 140130
633 1 0 -1 47 110 143898
633 1 0 -1 47 111 144830
633 1 0 -1 47 111 145036
633 1 0 -1 47 111 145792
633 1 0 -1 47 112 146213
633 1 0 -1 47 112 146587
633 1 0 -1 47 114 148974
633 1 0 -1 48 116 151370
633 1 0 -1 48 117 152749
633 1 0 -1 48 117 153016
633 1 0 -1 49 118 154160
633 1 0 -1 49 118 154466
633 1 0 -1 50 121 158021
633 1 0 -1 50 121 158895
633 1 0 -1 57 136 177039
633 1 0 -1 61 140 182622
633 1 0 -1 61 141 183708
633 1 0 -1 61 141 183850
633 1 0 -1 64 144 187447
633 1 0 -1 64 144 187552
633 1 0 -1 64 144 187940
633 1 0 -1 64 146 189930
633 1 0 -1 65 146 190464
633 1 0 -1 66 147 191656
633 1 0 -1 66 148 192163
633 1 0 -1 66 148 192648
633 1 0 -1 67 149 194100
633 1 0 -1 68 150 195917
633 1 0 -1 68 151 197067
633 1 0 -1 70 164 213731
633 1 0 -1 70 165 214189
633 1 0 -1 70 165 214538
633 1 0 -1 71 166 216180
633 1 0 -1 71 167 216699
633 1 0 -1 71 167 216997
633 1 0 -1 73 168 218829
633 1 0 -1 73 169 220142
633 1 0 -1 74 170 221330
633 1 0 -1 74 171 222542
633 2 0 -1 1 210 270751
633 2 0 -1 9 223 287462
633 2 0 -1 9 224 288327
633 2 0 -1 9 224 288618
633 2 0 -1 10 227 291741
633 2 0 -1 10 227 291879
633 2 0 -1 11 234 300983
633 2 0 -1 11 235 302668
633 2 0 -1 16 245 314899
633 2 0 -1 20 252 324075
633 2 0 -1 28 274 351914
633 2 0 -1 28 275 352652
633 4 0 -1 50 112 585999
633 4 0 -1 58 138 619967
633 4 0 -1 58 139 620798
633 4 0 -1 58 139 621003
633 4 0 -1 58 139 621126
633 4 0 -1 58 140 621672
633 4 0 -1 59 146 630351
633 4 0 -1 59 147 630793
633 4 0 -1 60 155 641139
633 5 0 -1 18 225 731513
633 5 0 -1 18 226 731877
633 5 0 -1 18 226 732496
633 5 0 -1 19 227 733911
633 5 0 -1 25 246 757492
633 5 0 -1 61 349 888139
633 5 0 -1 62 350 890363
635 35 0 -1 19 188 131441
637 6 0 -1 63 240 687388
640 1 0 -1 80 39 46681
640 1 0 -1 80 39 46684
641 9 0 -1 5 408 379477
651 8 0 -1 1 139 133367
653 2 0 -1 5 193 202720
657 1 0 -1 46 82 71725
666 2 0 -1 16 16 19705
666 2 0 -1 85 69 86329
676 4 0 -1 112 106 92355
686 1 0 -1 7 176 14416
688 5 0 -1 42 271 273064
688 5 0 -1 42 271 273148
692 1 0 -1 68 142 163133
692 1 0 -1 68 143 165100
692 1 0 -1 68 144 165486
692 1 0 -1 69 147 168701
694 4 0 -1 22 7791 104410
697 5 0 -1 10 61 77533
698 1 0 -1 30 74 77810
698 1 0 -1 30 74 77888
699 4 0 -1 12 80 55568
700 2 0 -1 60 124 87639
700 2 0 -1 82 165 116563
718 1 0 -1 160 106 181702
720 14 0 -1 18 128 124228
724 1 1 0 -1 3 7642
729 2 0 -1 6 17 16894
729 22 0 -1 36 277 1233575
731 4 0 -1 6 18 16696
734 23 0 -1 0 25 35408
737 17 0 -1 21 154 225980
737 18 0 -1 5 161 237126
737 24 0 -1 18 252 370011
737 26 0 -1 0 264 388475
737 26 0 -1 4 268 393753
737 26 0 -1 4 270 396296
737 26 0 -1 9 273 402303
737 26 0 -1 17 284 417150
737 26 0 -1 17 284 417492
737 31 0 -1 0 308 451662
737 31 0 -1 1 309 452479
737 31 0 -1 6 313 459287
737 31 0 -1 7 315 462345
737 32 0 -1 9 328 482689
737 34 0 -1 1 358 528912
737 34 0 -1 1 359 529958
737 34 0 -1 2 359 530651
737 34 0 -1 7 362 534715
737 34 0 -1 9 364 537135
737 34 0 -1 9 364 537271
737 34 0 -1 10 364 537547
737 34 0 -1 17 369 545646
737 35 0 -1 4 379 560288
737 35 0 -1 5 380 561878
737 35 0 -1 6 381 563526
737 35 0 -1 7 383 565808
737 35 0 -1 8 383 566471
737 36 0 -1 1 387 571316
737 37 0 -1 4 396 585199
737 39 0 -1 9 415 611834
737 39 0 -1 9 417 615248
737 39 0 -1 9 417 615689
737 39 0 -1 13 419 619021
737 39 0 -1 17 425 627389
737 39 0 -1 17 425 627762
737 39 0 -1 21 428 631647
737 39 0 -1 24 430 634785
737 39 0 -1 25 431 636416
737 39 0 -1 26 431 636779
737 39 0 -1 26 431 637187
737 39 0 -1 33 441 650685
737 39 0 -1 34 441 651967
737 39 0 -1 37 442 653180
737 39 0 -1 46 444 656138
737 39 0 -1 47 444 656549
737 39 0 -1 49 445 657769
737 39 0 -1 49 445 658019
737 39 0 -1 50 446 659196
737 39 0 -1 52 447 660610
737 39 0 -1 53 449 663365
737 39 0 -1 57 452 668102
737 39 0 -1 58 452 669021
737 39 0 -1 59 453 669842
737 39 0 -1 60 453 670500
737 39 0 -1 60 453 670608
737 39 0 -1 63 455 672688
737 39 0 -1 63 455 673619
737 39 0 -1 63 456 674648
737 39 0 -1 63 458 678081
737 39 0 -1 66 460 680442
737 39 0 -1 66 461 682407
737 39 0 -1 66 461 682539
737 39 0 -1 69 462 684094
737 39 0 -1 70 463 685209
737 39 0 -1 77 467 690921
737 39 0 -1 77 467 690977
737 39 0 -1 77 467 691284
737 39 0 -1 80 470 695308
737 39 0 -1 83 474 700537
737 39 0 -1 88 483 713448
737 40 0 -1 0 1 715240
737 41 0 -1 7 41 774354
737 41 0 -1 9 42 776237
737 41 0 -1 10 43 776932
737 41 0 -1 11 47 782703
737 41 0 -1 13 48 785465
737 41 0 -1 14 49 786270
737 43 0 -1 2 58 798908
737 43 0 -1 3 60 801642
737 43 0 -1 15 66 811612
737 43 0 -1 24 70 816827
737 43 0 -1 34 75 824986
737 43 0 -1 38 78 829158
737 43 0 -1 42 80 831970
737 43 0 -1 47 85 839414
737 43 0 -1 48 85 839599
737 43 0 -1 50 86 841253
737 43 0 -1 59 90 847282
737 44 0 -1 7 98 857641
737 44 0 -1 13 100 860697
737 44 0 -1 15 100 862133
737 44 0 -1 25 103 865816
737 44 0 -1 26 103 866315
737 44 0 -1 28 105 868830
737 44 0 -1 30 106 870104
737 44 0 -1 33 108 873783
737 44 0 -1 34 109 875062
737 45 0 -1 12 123 895789
737 47 0 -1 34 151 935746
737 48 0 -1 11 168 961325
737 49 0 -1 1 184 983266
737 52 0 -1 7 201 1004251
737 54 0 -1 3 219 1027056
737 55 0 -1 1 236 1051430
737 55 0 -1 2 237 1052780
737 55 0 -1 3 237 1053153
737 55 0 -1 6 238 1054440
737 55 0 -1 14 240 1057128
737 55 0 -1 14 240 1057161
737 55 0 -1 18 242 1060016
737 55 0 -1 18 242 1060086
737 55 0 -1 25 243 1061611
737 55 0 -1 26 243 1061840
737 55 0 -1 27 244 1062552
737 55 0 -1 50 250 1072715
737 55 0 -1 50 251 1072933
737 55 0 -1 63 254 1077792
737 55 0 -1 63 254 1078928
737 55 0 -1 66 257 1082599
737 55 0 -1 67 257 1082962
737 55 0 -1 68 257 1083297
737 55 0 -1 69 258 1084067
737 55 0 -1 72 259 1085274
737 55 0 -1 72 259 1085902
737 55 0 -1 73 259 1086199
737 55 0 -1 75 260 1086821
737 56 0 -1 2 265 1092258
737 56 0 -1 3 266 1093098
737 56 0 -1 5 268 1095969
737 56 0 -1 19 276 1108163
737 56 0 -1 20 277 1109017
737 56 0 -1 22 280 1113310
737 57 0 -1 17 319 1170990
737 59 0 -1 1 2 1369631
737 59 0 -1 18 26 1406019
737 59 0 -1 22 28 1407983
737 59 0 -1 23 29 1409727
737 61 0 -1 0 42 1428773
737 61 0 -1 8 47 1435307
737 61 0 -1 10 48 1436909
737 61 0 -1 14 50 1440602
737 61 0 -1 15 50 1441184
737 61 0 -1 16 51 1442138
737 61 0 -1 17 53 1444808
737 61 0 -1 18 53 1445768
737 61 0 -1 18 54 1446146
737 62 0 -1 2 59 1449652
737 62 0 -1 10 64 1457886
737 63 0 -1 0 66 1459745
737 65 0 -1 0 84 1485175
737 65 0 -1 0 84 1485745
737 65 0 -1 1 84 1485983
737 65 0 -1 1 84 1486252
737 65 0 -1 1 85 1486969
737 65 0 -1 8 86 1488522
737 65 0 -1 8 86 1488677
737 65 0 -1 8 86 1488870
737 65 0 -1 9 86 1489049
737 65 0 -1 10 86 1489213
737 65 0 -1 10 87 1489476
737 65 0 -1 11 87 1489576
737 65 0 -1 11 87 1489796
737 65 0 -1 11 87 1489938
737 65 0 -1 12 87 1490119
737 65 0 -1 14 87 1490751
737 65 0 -1 19 90 1494524
737 65 0 -1 30 96 1502832
737 65 0 -1 30 97 1504362
737 66 0 -1 37 111 1524861
737 68 0 -1 12 137 1562195
737 85 0 -1 2 322 1814577
737 85 0 -1 2 322 1815383
737 85 0 -1 3 322 1815668
737 85 0 -1 5 325 1818530
737 85 0 -1 8 326 1820065
737 85 0 -1 19 329 1825485
737 86 0 -1 5 338 1836717
737 93 0 -1 8 368 1880104
737 94 0 -1 2 370 1882350
737 94 0 -1 2 371 1884260
737 94 0 -1 5 373 1886399
737 94 0 -1 11 376 1890928
737 94 0 -1 14 377 1892038
737 94 0 -1 15 377 1892298
737 94 0 -1 15 377 1892330
737 94 0 -1 15 377 1892623
737 94 0 -1 16 377 1892834
737 94 0 -1 17 377 1893078
737 94 0 -1 18 378 1893343
737 94 0 -1 19 378 1893533
737 94 0 -1 20 378 1893747
737 94 0 -1 20 378 1893855
737 94 0 -1 20 378 1894213
737 94 0 -1 20 378 1894505
737 94 0 -1 20 378 1894619
737 94 0 -1 21 378 1894905
737 94 0 -1 21 379 1895053
737 94 0 -1 21 379 1895304
737 94 0 -1 22 379 1895493
737 94 0 -1 22 379 1895687
737 95 0 -1 1 380 1896929
737 95 0 -1 6 384 1903813
737 98 0 -1 10 396 1920416
737 98 0 -1 27 416 1949146
737 109 0 -1 37 115 2121026
737 110 0 -1 0 120 2127152
737 120 0 -1 26 157 2177272
737 120 0 -1 35 162 2184358
737 120 0 -1 38 164 2186819
737 120 0 -1 38 164 2187376
737 121 0 -1 3 166 2190574
737 122 0 -1 1 168 2192661
737 122 0 -1 5 170 2194975
737 122 0 -1 5 170 2195153
737 122 0 -1 12 171 2196791
737 122 0 -1 13 172 2197677
737 122 0 -1 16 172 2198748
737 122 0 -1 17 173 2199211
737 122 0 -1 28 177 2205035
737 122 0 -1 29 177 2205662
737 122 0 -1 29 177 2205752
737 122 0 -1 30 178 2206617
737 123 0 -1 1 180 2208250
737 123 0 -1 1 180 2208690
737 123 0 -1 3 181 2209998
737 123 0 -1 7 183 2212722
737 123 0 -1 10 184 2214266
737 123 0 -1 13 185 2216071
737 125 0 -1 0 190 2223150
737 125 0 -1 2 191 2223931
737 125 0 -1 3 191 2224604
737 126 0 -1 0 198 2233562
737 126 0 -1 0 198 2233951
737 126 0 -1 10 204 2242416
737 127 0 -1 11 212 2252955
737 128 0 -1 1 213 2253314
737 128 0 -1 1 213 2253508
737 128 0 -1 14 219 2261554
737 128 0 -1 14 219 2261809
737 128 0 -1 16 220 2262886
737 129 0 -1 2 221 2264108
737 129 0 -1 8 222 2265926
737 129 0 -1 8 223 2266879
737 129 0 -1 8 223 2267204
737 129 0 -1 9 224 2268103
737 129 0 -1 9 224 2269259
737 129 0 -1 11 226 2271472
737 129 0 -1 12 226 2271796
737 129 0 -1 15 228 2274763
737 129 0 -1 39 237 2286410
737 130 0 -1 17 247 2300061
742 1 0 -1 305 172 212873
745 99 0 -1 21 18 1390967
745 101 0 -1 17 46 1441398
750 1 0 -1 73 34 58876
750 1 0 -1 73 35 59250
750 1 0 -1 78 37 62726
750 1 0 -1 79 38 63980
750 1 0 -1 163 78 135085
750 1 0 -1 163 78 135102
750 1 0 -1 163 78 135387
750 1 0 -1 163 78 135638
750 1 0 -1 167 81 140629
750 1 0 -1 319 158 274351
756 1 0 -1 62 85 106273
756 1 0 -1 62 85 106279
767 19 0 -1 6 134 130116
769 3 1 0 0 14 26110
769 5 1 0 1 16 30380
769 5 11 1 9 22 43126
782 19 0 -1 13 146 183952
783 2 0 -1 232 218 336436
783 5 0 -1 51 174 972501
783 5 0 -1 65 192 1007052
783 5 0 -1 65 192 1007054
791 5 0 -1 139 580 799642
791 5 0 -1 139 580 800031
791 6 0 -1 101 734 1157381
800 5 0 -1 38 131 136660
800 7 0 -1 11 214 218649
800 7 0 -1 11 214 218726
800 7 0 -1 14 216 221615
800 7 0 -1 14 217 222000
800 7 0 -1 14 217 222428
800 7 0 -1 15 217 222727
800 14 0 -1 76 326 780805
809 2 0 -1 14 15 15140
811 2 0 -1 32 704 42654
811 4 0 -1 3 729 93915
813 16 0 -1 13 60 102689
813 32 0 -1 12 167 276249
816 1 1 0 1 7790 4736
816 2 3 0 3 68 86182
816 2 5 0 4 94 119350
816 2 6 0 6 110 137373
816 2 6 0 33 130 163561
816 2 6 0 34 131 165239
816 2 6 0 43 137 172700
817 1 0 -1 110 58 69423
819 1 1 0 4 2 4652
824 2 0 -1 36 23 38110
824 2 0 -1 98 55 95539
824 2 0 -1 303 157 272309
824 2 0 -1 322 165 285624
827 2 18 0 0 75 73236
844 1 0 -1 363 229 540463
846 1 0 -1 194 122 170193
847 1 0 -1 2 6 7658
847 3 0 -1 29 7484 278136
853 10 0 -1 10 79 39437
853 39 0 -1 5 154 167575
853 47 0 -1 7 175 205900
853 50 0 -1 -1 182 217457
858 29 0 -1 3 153 58079
858 30 0 -1 6 155 62812
860 28 0 -1 4 75 434456
868 3 18 0 7 170 363924
868 11 4 0 2 370 841924
868 11 4 0 2 370 842051
868 11 8 0 4 377 858025
868 12 10 0 0 394 900592
868 12 10 0 1 394 900848
869 3 0 -1 17 53 91426
874 4 0 -1 174 420 769333
876 1 0 -1 88 88 59551
876 1 0 -1 88 88 59760
876 1 0 -1 89 88 59867
876 1 0 -1 89 88 59901
879 37 0 -1 2 13 493904
880 28 0 -1 9 132 196595
880 51 0 -1 1 275 395088
880 88 0 -1 0 57 656098
880 88 0 -1 1 58 657887
880 120 0 -1 22 194 854993
880 120 0 -1 22 195 855203
885 9 0 -1 53 382 822212
885 9 0 -1 53 382 822231
885 13 0 -1 7 431 1309341
887 2 0 -1 81 280 401898
890 4 0 -1 -1 43 44870
892 43 0 -1 34 122 541494
900 2 0 -1 18 9 11597
902 28 0 -1 19 358 169306
902 48 0 -1 16 401 259448
914 91 0 -1 4 192 286921
917 1 0 -1 295 161 190315
922 59 0 -1 4 115 1148222
925 3 0 -1 53 229 352289
925 4 0 -1 64 118 589039
925 6 0 -1 70 113 1000768
925 7 0 -1 5 136 1030320
925 7 0 -1 5 136 1030486
925 7 0 -1 12 148 1050462
925 7 0 -1 50 203 1134362
925 8 0 -1 13 18 1185909
925 8 0 -1 62 87 1287790
925 9 0 -1 35 150 1376861
925 9 0 -1 38 155 1384259
925 10 0 -1 2 159 1389458
927 4 0 -1 122 187 424044
933 1 0 -1 96 175 124158
938 2 0 -1 11 9 10448
938 7 0 -1 32 63 65576
938 9 0 -1 40 106 114602
938 11 0 -1 20 155 169893
938 15 0 -1 17 208 226978
938 17 0 -1 47 251 276619
938 17 0 -1 50 252 277856
938 17 0 -1 50 252 277858
938 17 0 -1 50 252 278099
944 1 0 -1 11 34 52617
944 1 0 -1 20 69 106549
944 1 0 -1 34 128 194300
944 1 0 -1 36 138 208944
944 1 0 -1 40 154 233067
944 1 0 -1 54 198 295096
944 1 0 -1 57 206 307228
944 1 0 -1 74 235 348646
944 1 0 -1 284 28 897050
944 1 0 -1 308 62 945734
944 1 0 -1 309 63 946433
944 1 0 -1 309 69 955879
944 1 0 -1 310 73 961419
944 1 0 -1 317 103 1005910
944 1 0 -1 328 118 1025764
944 1 0 -1 328 119 1026978
944 1 0 -1 335 147 1069943
944 1 0 -1 336 150 1074277
944 1 0 -1 344 176 1113221
944 1 0 -1 344 179 1117489
944 1 0 -1 350 200 1149402
944 1 0 -1 350 200 1149859
944 1 0 -1 350 200 1150191
944 1 0 -1 350 201 1150465
944 1 0 -1 350 201 1150656
944 1 0 -1 352 208 1161394
944 1 0 -1 367 259 1236248
944 1 0 -1 401 49 1345259
944 1 0 -1 402 52 1350620
944 1 0 -1 403 54 1353381
944 1 0 -1 403 54 1353676
944 1 0 -1 407 65 1368772
944 1 0 -1 440 120 1431560
944 1 0 -1 498 204 1546353
944 1 0 -1 498 204 1546617
944 1 0 -1 498 204 1546814
944 1 0 -1 505 213 1560985
944 1 0 -1 505 214 1561386
944 1 0 -1 508 219 1568645
944 1 0 -1 508 219 1569153
944 1 0 -1 508 220 1570588
944 1 0 -1 511 225 1578861
945 44 0 -1 46 217 766127
945 44 0 -1 46 217 766147
945 55 0 -1 6 439 1053614
945 64 0 -1 9 23 1187659
945 65 0 -1 53 64 1249164
945 65 0 -1 59 72 1261371
945 65 0 -1 64 77 1269530
945 65 0 -1 66 80 1273398
945 65 0 -1 69 84 1279044
945 65 0 -1 69 86 1282008
945 65 0 -1 69 87 1282841
945 65 0 -1 77 98 1298300
945 65 0 -1 77 98 1298791
945 65 0 -1 78 101 1303153
945 69 0 -1 3 203 1420794
945 71 0 -1 8 325 1581679
947 23 0 -1 17 61 494627
952 29 0 -1 1 203 263037
952 51 0 -1 2 381 487218
952 59 0 -1 0 430 550291
952 59 0 -1 0 430 551313
952 80 0 -1 0 153 778482
952 84 0 -1 1 171 800212
952 89 0 -1 0 203 839830
952 117 0 -1 1 29 1162497
952 117 0 -1 3 31 1165379
952 162 0 -1 0 302 1495501
953 33 0 -1 2 34 45231
953 33 0 -1 2 34 45324
954 11 0 -1 3 58 56745
957 346 0 -1 1 243 1322480
957 349 0 -1 0 265 1346006
957 349 0 -1 0 265 1346010
958 1 0 -1 25 6 10686
963 168 0 -1 0 271 646293
963 216 0 -1 7 171 892521
964 1 0 -1 57 62 97543
967 1 0 -1 21 49 75626
967 2 0 -1 12 119 167290
978 3 0 -1 42 254 241431
978 7 0 -1 30 258 876635
984 1 0 -1 0 14 17594
985 1 0 -1 34 8 22867
989 2 0 -1 -1 35 2848
992 21 0 -1 9 148 198035
992 21 0 -1 15 162 228327
992 21 0 -1 16 163 229087
992 21 0 -1 16 165 233799
992 21 0 -1 25 183 273300
992 21 0 -1 25 184 275082
992 21 0 -1 25 187 282408
992 21 0 -1 28 191 292106
992 21 0 -1 30 195 300068
992 25 0 -1 1 203 316618
992 25 0 -1 2 204 317928
993 1 0 -1 9 21 25552
993 1 0 -1 13 27 32942
994 1 0 -1 1 419 5022
994 1 0 -1 8 423 14472
994 1 0 -1 164 550 331682
996 30 0 -1 33 218 757696
996 30 0 -1 33 219 759610
996 30 0 -1 33 223 764605
996 31 0 -1 13 262 813000
996 33 0 -1 0 333 909153
997 17 0 -1 18 383 771529
1003 2 0 -1 154 104 120355
1003 2 0 -1 161 108 125249
1009 4 0 -1 1 37 36994
1009 6 0 -1 37 183 206124
1009 8 0 -1 27 295 320308
1010 4 0 -1 21 146 236099
1012 1 0 -1 1167 284 419156
1012 1 0 -1 1197 291 429625
1019 13 0 -1 0 79 92616
1019 23 0 -1 47 307 350076
1021 13 0 -1 12 626 55117
1022 6 0 -1 39 19 25576
1022 52 0 -1 20 128 166191
1024 1 0 -1 18 181 28737
1024 1 0 -1 19 181 29231
1024 15 0 -1 1 320 248524
1025 3 46 0 19 120 223696
1025 8 0 -1 42 7791 505350
1028 1 0 -1 4 11 14333
1029 2 8 0 5 10 19002
1030 10 0 -1 -1 117 358590
1030 11 0 -1 -1 130 383655
1031 1 0 -1 2 85 7260
1031 1 0 -1 19 102 52115
1031 1 0 -1 29 109 70565
1031 1 0 -1 29 109 70733
1031 1 0 -1 56 130 127728
1031 1 0 -1 61 135 139172
1031 1 0 -1 61 135 139403
1031 1 0 -1 62 137 145604
1031 1 0 -1 64 141 157728
1031 1 0 -1 65 143 161501
1031 1 0 -1 65 145 166315
1031 1 0 -1 65 146 167752
1031 1 0 -1 65 146 168030
1031 1 0 -1 67 147 171125
1031 1 0 -1 68 147 171504
1031 1 0 -1 71 149 175900
1031 1 0 -1 71 149 176775
1031 1 0 -1 71 150 177569
1031 1 0 -1 71 150 179167
1031 1 0 -1 72 151 180434
1031 1 0 -1 75 154 188179
1031 1 0 -1 75 154 188828
1031 1 0 -1 76 155 191558
1031 1 0 -1 76 157 195571
1031 1 0 -1 76 157 196885
1031 1 0 -1 91 165 216803
1031 1 0 -1 102 171 231815
1031 1 0 -1 119 178 249997
1032 5 0 -1 1 53 98494
1036 13 0 -1 3 35 27672
1036 51 0 -1 6 156 144563
1037 7 0 -1 0 40 50166
1037 7 0 -1 1 41 51718
1041 1 0 -1 3 5 3984
1048 3 0 -1 63 11 819459
1048 3 0 -1 82 202 1055943
1048 3 0 -1 82 206 1060990
1048 3 0 -1 86 272 1141946
1048 3 0 -1 86 276 1145846
1051 1 1 0 3 7793 5611
1051 5 7 0 -1 140 190130
1054 1 0 -1 -1 1 2051
1057 1 0 -1 1 3 8708
1057 1 0 -1 14 19 31757
1057 1 0 -1 77 47 74363
1057 1 0 -1 115 81 119212
1057 1 0 -1 116 82 120850
1057 1 0 -1 139 98 142033
1057 1 0 -1 139 98 142167
1057 1 0 -1 139 98 142363
1057 1 0 -1 139 98 142413
1057 1 0 -1 139 98 142429
1057 1 0 -1 139 98 142535
1057 1 0 -1 143 103 150091
1057 1 0 -1 176 167 224972
1057 1 0 -1 184 174 235335
1057 1 0 -1 221 205 278939
1057 1 0 -1 231 211 287134
1057 1 0 -1 248 221 301903
1057 1 0 -1 250 224 305143
1057 1 0 -1 263 237 323174
1057 1 0 -1 265 238 325880
1057 1 0 -1 278 250 343522
1057 1 0 -1 299 267 369128
1057 1 0 -1 300 268 370783
1057 1 0 -1 313 284 394129
1057 1 0 -1 318 290 402932
1057 1 0 -1 320 296 410442
1057 1 0 -1 324 301 418007
1057 1 0 -1 332 310 429732
1057 1 0 -1 339 329 457505
1057 1 0 -1 339 330 459002
1057 1 0 -1 341 333 462506
1057 1 0 -1 342 334 464187
1057 1 0 -1 344 336 466700
1057 1 0 -1 345 339 471035
1057 1 0 -1 351 345 481018
1057 1 0 -1 359 357 499213
1057 1 0 -1 363 363 507318
1057 1 0 -1 364 364 509689
1057 1 0 -1 388 390 546597
1057 1 0 -1 388 390 546699
1061 1 0 -1 93 174 304174
1061 1 0 -1 102 189 330024
1061 1 0 -1 112 211 369271
1061 1 0 -1 114 213 371951
1061 1 0 -1 114 213 372026
1061 1 0 -1 114 213 372057
1062 1 7 0 4 11 35628
1062 1 73 0 7 91 241315
1062 2 0 -1 43 7791 449086
1063 23 0 -1 31 211 779739
1063 31 0 -1 1 7 1084920
1063 32 0 -1 1 30 1123346
1063 33 0 -1 2 64 1179008
1063 37 0 -1 11 179 1364453
1063 39 0 -1 6 227 1441802
1063 43 0 -1 3 22 1539975
1063 43 0 -1 5 23 1541749
1063 43 0 -1 5 23 1542313
1063 43 0 -1 13 29 1551416
1063 43 0 -1 19 33 1557551
1063 49 0 -1 24 137 1721765
1063 55 0 -1 5 260 1920752
1063 55 0 -1 7 260 1921960
1064 1 0 -1 -1 1 2049
1065 117 0 -1 1 330 667264
1065 117 0 -1 1 331 667776
1065 118 0 -1 1 337 674051
1065 124 0 -1 0 366 699605
1065 130 0 -1 0 397 723720
1068 1 0 -1 12 1591 103008
1068 1 0 -1 52 1673 293228
1071 1 0 -1 -1 1 2056
1071 368 0 -1 1 368 962934
1073 1 0 -1 58 351 97179
1074 15 0 -1 1 195 263934
1080 1 0 -1 27 65 22728
1081 3 0 -1 552 200 1234494
1085 19 0 -1 3 347 416788
1090 1 2 0 8 27 14252
1090 1 6 0 10 39 35701
1090 1 6 0 11 40 37750
1092 3 0 -1 -1 7812 9937
1092 3 0 -1 40 43 68767
1092 3 0 -1 46 50 77379
1092 4 0 -1 -1 80 117462
1092 5 0 -1 -1 103 146942
1092 6 0 -1 -1 122 171664
1092 7 0 -1 -1 154 212960
1092 7 0 -1 22 184 255128
1092 8 0 -1 -1 232 319941
1092 8 0 -1 35 270 375683
1092 8 0 -1 35 270 375714
1092 9 0 -1 -1 273 378820
1092 10 0 -1 -1 307 427422
1092 11 0 -1 -1 368 498386
1092 12 0 -1 -1 414 544371
1092 13 0 -1 -1 462 616127
1092 14 0 -1 -1 532 702995
1092 14 0 -1 50 567 746753
1092 15 0 -1 -1 569 749409
1092 16 0 -1 -1 26 785644
1092 17 0 -1 -1 72 847890
1092 18 0 -1 -1 104 889268
1092 19 0 -1 -1 140 938270
1092 20 0 -1 -1 171 973764
1092 21 0 -1 -1 278 1135660
1092 22 0 -1 -1 331 1206517
1092 23 0 -1 -1 353 1235024
1092 24 0 -1 -1 402 1307729
1092 25 0 -1 -1 471 1395895
1092 26 0 -1 -1 501 1436068
1093 6 0 -1 56 362 412310
1093 6 0 -1 56 362 412331
1094 1 0 -1 137 176 245636
1099 2 0 -1 -1 2 5412
1099 3 0 -1 -1 94 165054
1099 4 0 -1 -1 129 224467
1099 5 0 -1 -1 266 466456
1099 5 0 -1 105 288 505304
1099 5 0 -1 105 288 505408
1099 5 0 -1 167 303 530154
1099 5 0 -1 524 378 655153
1099 5 0 -1 633 410 712817
1099 5 0 -1 633 411 713231
1100 1 0 -1 163 196 353408
1101 1 0 -1 2 79 8264
1101 1 0 -1 9 86 19078
1101 1 0 -1 20 99 43400
1101 1 0 -1 23 106 54845
1101 1 0 -1 25 107 57335
1101 1 0 -1 31 122 83443
1101 1 0 -1 41 172 170813
1101 1 0 -1 43 177 178783
1101 1 0 -1 55 221 257261
1101 1 0 -1 58 234 280360
1101 1 0 -1 60 241 292669
1101 1 0 -1 62 258 322460
1101 1 0 -1 62 260 325975
1101 1 0 -1 68 276 354520
1101 1 0 -1 70 280 360921
1101 1 0 -1 91 360 500025
1101 1 0 -1 187 293 1061723
1102 10 0 -1 67 136 1014500
1102 10 0 -1 67 136 1014531
1102 12 0 -1 30 316 1271392
1102 12 0 -1 41 322 1280734
1102 23 0 -1 40 374 2430428
1102 23 0 -1 80 400 2473492
1102 24 0 -1 70 511 2631759
1102 24 0 -1 82 522 2649547
1102 24 0 -1 140 11 2722274
1102 24 0 -1 140 11 2722370
1102 24 0 -1 140 11 2722888
1102 24 0 -1 149 23 2741795
1102 24 0 -1 153 24 2742910
1102 25 0 -1 30 127 2902044
1102 26 0 -1 48 206 3024463
1102 28 0 -1 16 311 3186607
1102 28 0 -1 18 313 3189381
1102 28 0 -1 24 317 3195580
1102 28 0 -1 30 320 3200999
1102 28 0 -1 32 321 3202003
1102 28 0 -1 87 377 3282400
1102 28 0 -1 87 378 3282605
1102 28 0 -1 87 378 3282625
1102 29 0 -1 1 392 3305382
1102 29 0 -1 35 410 3334146
1102 30 0 -1 118 499 3471247
1102 30 0 -1 122 500 3473600
1102 30 0 -1 122 500 3473657
1102 30 0 -1 122 501 3474335
1102 30 0 -1 122 501 3474376
1102 30 0 -1 130 504 3479263
1102 31 0 -1 41 39 3596364
1102 31 0 -1 41 39 3596379
1102 31 0 -1 41 39 3596594
1102 31 0 -1 41 39 3596623
1102 31 0 -1 70 55 3621627
1102 31 0 -1 81 68 3641584
1102 31 0 -1 185 144 3763391
1102 31 0 -1 189 147 3768605
1102 32 0 -1 10 206 3850531
1102 32 0 -1 37 225 3881286
1102 32 0 -1 53 233 3894228
1102 32 0 -1 110 266 3945446
1102 32 0 -1 117 271 3953675
1102 32 0 -1 124 280 3967669
1104 1 0 0 4 1 2851
1104 1 0 0 18 4 15214
1104 1 0 0 18 4 15235
1104 1 0 0 77 15 63052
1104 1 0 0 86 16 68704
1104 1 1 0 215 82 320747
1105 2 1 0 19 63 253100
1106 1 0 -1 -1 1 2056
1106 35 0 -1 12 35 134630
1106 192 0 -1 14 194 866981
1107 5 0 -1 0 31 19769
1107 6 0 -1 9 356 25977
1107 8 0 -1 28 367 38328
1107 10 0 -1 4 370 42803
1107 15 0 -1 6 383 56743
1107 16 0 -1 23 392 68202
1107 22 0 -1 8 401 79092
1107 32 0 -1 16 434 117233
1108 5 0 -1 10 40 56862
1108 7 0 -1 13 73 102007
1108 15 0 -1 21 255 337341
1110 7 0 -1 6 268 415351
1110 7 0 -1 10 272 421257
1110 7 0 -1 12 275 425751
1110 8 0 -1 12 347 531195
1110 8 0 -1 43 383 580037
1112 5 0 -1 42 78 132886
1112 8 0 -1 135 214 318872
1113 47 0 -1 0 108 177589
1113 56 0 -1 -1 127 213485
1113 61 0 -1 2 139 237319
1113 159 0 -1 1 307 552882
1113 159 0 -1 1 307 553271
1118 3 0 -1 205 361 568202
1118 6 0 -1 60 113 1350848
1119 2 0 -1 5 8 17521
1119 2 0 -1 5 8 17674
1119 4 0 -1 0 23 35195
1119 4 0 -1 0 24 35987
1119 4 0 -1 0 24 36398
1119 4 0 -1 0 25 37692
1119 8 0 -1 0 72 94692
1119 10 0 -1 4 99 128220
1119 13 0 -1 0 131 167021
1119 16 0 -1 3 175 220172
1119 17 0 -1 2 181 227320
1119 24 0 -1 2 282 346854
1120 1 0 -1 -1 1 2057
1120 166 0 -1 15 166 755152
1122 12 0 -1 1 129 163808
1122 26 0 -1 1 287 354226
1122 33 0 -1 3 377 465697
1124 1 0 -1 7 20 28586
1124 2 0 -1 0 24 32613
1124 3 0 -1 1 38 50337
1124 3 0 -1 4 48 62341
1124 6 0 -1 1 76 96157
1124 6 0 -1 4 81 103379
1124 8 0 -1 11 125 158219
1124 10 0 -1 4 146 182466
1124 11 0 -1 0 156 193971
1124 14 0 -1 3 200 248209
1124 16 0 -1 1 220 272431
1124 16 0 -1 1 220 272549
1124 21 0 -1 2 296 362876
1124 22 0 -1 16 339 417408
1124 22 0 -1 16 339 417427
1124 22 0 -1 21 351 432513
1124 24 0 -1 15 31 476266
1124 24 0 -1 15 31 476675
1124 24 0 -1 16 32 477498
1124 25 0 -1 9 42 489708
1124 33 0 -1 3 169 643062
1124 33 0 -1 3 170 644427
1124 34 0 -1 8 198 679463
1124 41 0 -1 3 316 820594
1124 41 0 -1 3 316 820887
1124 41 0 -1 4 317 821954
1125 1 0 -1 24 60 66707
1125 1 0 -1 24 60 66771
1125 1 0 -1 202 111 343259
1125 2 0 -1 9 137 482495
1125 2 0 -1 48 156 587363
1125 5 0 -1 20 267 1192172
1125 5 0 -1 20 267 1195727
1125 5 0 -1 47 277 1247809
1125 6 0 -1 7 284 1283803
1125 6 0 -1 15 289 1311669
1125 6 0 -1 25 293 1337157
1125 6 0 -1 27 295 1344530
1125 6 0 -1 35 299 1371647
1125 7 0 -1 21 307 1410994
1125 7 0 -1 33 310 1430873
1126 4 0 -1 0 42 49317
1126 10 0 -1 1 118 137143
1126 15 0 -1 1 181 210785
1126 15 0 -1 1 185 215685
1126 15 0 -1 1 186 217162
1126 17 0 -1 3 206 238308
1126 17 0 -1 5 208 241469
1126 17 0 -1 5 209 241958
1126 17 0 -1 7 10 243417
1126 17 0 -1 7 10 243755
1126 17 0 -1 9 212 246031
1126 17 0 -1 9 214 246283
1126 18 0 -1 1 216 249417
1126 18 0 -1 4 219 253156
1126 18 0 -1 6 222 257041
1126 18 0 -1 7 222 257392
1126 19 0 -1 4 226 260896
1126 19 0 -1 20 241 279627
1126 19 0 -1 21 244 283285
1126 19 0 -1 46 266 310531
1126 19 0 -1 71 298 351950
1127 8 0 -1 27 117 127055
1127 8 0 -1 41 120 132033
1127 8 0 -1 58 124 136952
1129 32 0 -1 6 7791 225870
1129 32 0 -1 22 7791 234740
1129 32 0 -1 82 7791 269196
1130 26 0 -1 5 366 775919
1130 31 0 -1 0 370 791274
1130 35 0 -1 4 374 805560
1130 35 0 -1 4 374 805721
1130 37 0 -1 5 376 812224
1130 40 0 -1 9 380 824387
1130 45 0 -1 5 385 842372
1130 46 0 -1 3 386 845083
1130 47 0 -1 2 387 847807
1130 49 0 -1 6 389 856058
1130 50 0 -1 3 391 859902
1130 50 0 -1 9 391 862387
1130 50 0 -1 13 392 863645
1130 50 0 -1 14 392 863777
1130 50 0 -1 15 392 864065
1130 51 0 -1 9 392 866226
1130 52 0 -1 10 394 872320
1130 53 0 -1 5 395 875838
1130 54 0 -1 3 396 880420
1130 54 0 -1 19 397 884214
1130 55 0 -1 1 397 884972
1130 56 0 -1 10 400 893168
1130 57 0 -1 3 400 895034
1130 58 0 -1 9 403 903504
1130 59 0 -1 0 404 908201
1130 60 0 -1 4 406 913996
1130 62 0 -1 12 414 944104
1130 63 0 -1 18 420 966288
1130 64 0 -1 6 422 971550
1130 67 0 -1 17 433 1011946
1130 69 0 -1 6 438 1029386
1130 69 0 -1 16 439 1035164
1130 70 0 -1 0 440 1036293
1130 71 0 -1 0 441 1042788
1130 71 0 -1 10 443 1047857
1130 71 0 -1 11 443 1048646
1130 72 0 -1 9 445 1057179
1130 73 0 -1 6 446 1060861
1130 84 0 -1 13 468 1136361
1130 85 0 -1 7 469 1139219
1131 4 0 -1 28 139 322665
1133 1 0 -1 21 448 23096
1133 1 0 -1 29 456 42960
1137 7 0 -1 9 171 1073492
1141 14 0 -1 2 180 80852
1141 22 0 -1 0 236 106752
1147 2 0 0 3 156 55606
1147 3 10 0 5 199 133304
1151 1 0 -1 87 39 52913
1151 2 0 -1 77 175 267172
1151 2 0 -1 212 242 377076
1151 2 0 -1 219 244 379580
1151 2 0 -1 220 244 380049
1152 3 0 -1 87 67 143568
1152 12 0 -1 35 915 2228476
1152 12 0 -1 36 916 2231526
1152 12 0 -1 40 918 2235815
1152 13 0 -1 52 975 2379433
1152 14 0 -1 34 28 2655306
1152 14 0 -1 42 32 2663790
1152 17 0 -1 97 350 3397449
1154 2 0 -1 30 22 33249
1155 8 0 -1 5 205 160151
1155 16 0 -1 9 239 364307
1155 17 0 -1 3 18 383222
1155 22 0 -1 11 178 510648
1156 2 0 -1 17 118 126851
1156 5 0 -1 239 406 1438417
1158 2 0 -1 19 22 52945
1158 2 0 -1 35 5 86053
1158 2 0 -1 40 42 104673
1158 4 0 -1 19 71 179524
1158 7 0 -1 -1 91 230128
1158 7 0 -1 39 108 273418
1158 9 0 -1 0 148 377103
1158 10 0 -1 -1 164 420548
1158 10 0 -1 29 175 450532
1158 11 0 -1 17 185 475902
1162 6 0 -1 42 330 761853
1162 6 0 -1 44 331 763764
1164 13 0 -1 5 701 123553
1164 13 0 -1 50 730 187361
1164 17 0 -1 33 828 400599
1164 30 0 -1 1 919 591795
1164 30 0 -1 1 919 592388
1164 30 0 -1 7 921 595148
1165 2 0 -1 16 126 49730
1165 2 0 -1 17 127 51177
1165 2 0 -1 17 127 52092
1165 2 0 -1 17 127 52671
1165 2 0 -1 17 128 54108
1165 2 0 -1 23 144 83918
1165 2 0 -1 25 145 86529
1165 2 0 -1 25 146 87066
1165 2 0 -1 25 146 87868
1165 2 0 -1 27 151 96560
1165 2 0 -1 27 152 98691
1165 2 0 -1 27 152 98922
1165 2 0 -1 27 152 99033
1165 2 0 -1 27 152 99333
1165 2 0 -1 28 156 106237
1165 2 0 -1 28 156 106711
1165 2 0 -1 28 156 106927
1165 2 0 -1 28 156 107103
1165 2 0 -1 28 158 110273
1165 2 0 -1 28 158 110581
1165 3 0 -1 7 169 127716
1165 3 0 -1 10 182 151262
1165 3 0 -1 10 182 151703
1165 3 0 -1 10 182 152800
1165 3 0 -1 11 183 153672
1165 3 0 -1 11 183 154332
1165 3 0 -1 11 184 154914
1165 3 0 -1 16 191 168413
1165 3 0 -1 16 191 168573
1165 3 0 -1 16 191 169172
1165 3 0 -1 23 203 191194
1165 3 0 -1 24 204 192322
1165 3 0 -1 26 207 198125
1165 3 0 -1 26 207 199447
1165 3 0 -1 26 207 199649
1165 3 0 -1 26 208 200139
1165 3 0 -1 26 208 200540
1165 3 0 -1 26 208 201289
1165 3 0 -1 26 209 203005
1165 3 0 -1 26 209 203518
1165 3 0 -1 27 210 204063
1168 3 0 -1 10 138 69849
1168 14 0 -1 0 315 469286
1168 14 0 -1 187 408 716060
1168 14 0 -1 187 408 716155
1171 2 0 -1 5 154 19334
1171 10 0 -1 5 387 229495
1171 11 0 -1 0 417 257022
1171 11 0 -1 9 430 271633
1171 11 0 -1 16 438 284118
1175 6 0 -1 192 281 962989
1175 7 0 -1 53 318 1044741
1176 2 0 -1 2 18 29914
1177 147 0 -1 1 225 327253
1177 196 0 -1 0 116 428779
1180 1 0 -1 97 94 118502
1181 27 0 -1 0 79 78710
1181 36 0 -1 -1 100 112487
1184 7 0 -1 20 66 216347
1184 7 0 -1 24 66 217559
1186 2 3 1 26 48 75401
1196 61 0 -1 1 226 275107
1196 61 0 -1 1 226 275236
1199 33 0 -1 8 241 571979
1199 35 0 -1 21 255 603936
1199 42 0 -1 9 310 733763
1199 71 0 -1 0 474 1100529
1202 25 0 -1 1 763 96827
1203 1 0 -1 172 369 357257
1204 3 0 -1 -1 55 114697
1204 5 0 -1 -1 141 247836
1204 5 0 -1 28 178 302342
1204 6 0 -1 -1 219 360983
1204 6 0 -1 60 82 485487
1204 6 0 -1 64 85 489094
1204 7 0 -1 -1 109 529701
1204 7 0 -1 42 176 629278
1204 7 0 -1 139 304 824842
1204 7 0 -1 139 304 825219
1204 7 0 -1 139 305 825572
1206 1 0 -1 0 3 6994
1206 2 0 -1 2 15 13472
1206 8 0 -1 0 49 66882
1206 11 0 -1 2 71 100100
1206 11 0 -1 10 76 108405
1206 13 0 -1 3 84 121298
1206 13 0 -1 4 85 122093
1206 13 0 -1 6 86 123245
1206 13 0 -1 7 86 123433
1206 14 0 -1 2 88 126859
1206 17 0 -1 2 107 154217
1206 21 0 -1 13 133 194858
1206 22 0 -1 4 138 203287
1206 22 0 -1 8 141 207120
1209 3 0 -1 7 103 85733
1209 4 0 -1 7 132 123710
1209 4 0 -1 19 138 138582
1209 4 0 -1 158 193 223494
1209 4 0 -1 161 195 227768
1212 1 0 -1 119 45 73536
1212 1 0 -1 119 45 74195
1212 1 0 -1 139 53 90279
1212 1 0 -1 144 56 97822
1212 2 0 -1 61 88 160226
1212 2 0 -1 137 110 204942
1212 3 0 -1 24 144 275409
1212 3 0 -1 33 156 300132
1212 3 0 -1 34 157 301539
1212 4 0 -1 2 165 317643
1212 4 0 -1 43 182 350301
1212 4 0 -1 58 194 376498
1212 6 0 -1 1 226 440020
1212 6 0 -1 11 232 455215
1212 6 0 -1 17 234 459468
1212 6 0 -1 29 236 464711
1212 6 0 -1 29 236 464812
1212 6 0 -1 29 236 464827
1212 6 0 -1 30 236 465209
1212 6 0 -1 32 237 466932
1212 6 0 -1 32 237 466954
1212 6 0 -1 32 237 466968
1212 6 0 -1 33 238 469892
1212 6 0 -1 33 239 472231
1212 6 0 -1 33 240 473128
1212 6 0 -1 47 245 483518
1212 6 0 -1 50 246 484612
1212 6 0 -1 55 247 489104
1212 6 0 -1 58 252 499724
1212 6 0 -1 79 259 517875
1212 6 0 -1 117 268 538188
1212 6 0 -1 117 268 538289
1212 6 0 -1 125 269 540338
1212 7 0 -1 48 286 576841
1212 7 0 -1 117 307 621654
1212 8 0 -1 32 357 724062
1212 8 0 -1 57 362 735520
1212 8 0 -1 70 364 738258
1212 8 0 -1 134 388 792731
1212 9 0 -1 3 407 832911
1212 9 0 -1 99 437 900176
1212 10 0 -1 49 449 924285
1212 10 0 -1 108 473 976140
1212 10 0 -1 111 474 978710
1212 10 0 -1 213 502 1040731
1212 10 0 -1 230 507 1052410
1212 11 0 -1 15 529 1095854
1212 11 0 -1 148 565 1180190
1212 11 0 -1 151 566 1182477
1212 11 0 -1 151 566 1182505
1213 1 0 -1 428 96 215478
1215 2 0 -1 6 271 12842
1220 2 0 -1 114 104 209200
1220 2 0 -1 183 136 281902
1220 2 0 -1 262 187 392534
1220 3 0 -1 20 235 503743
1220 3 0 -1 33 244 525312
1220 3 0 -1 156 306 678966
1220 5 0 -1 16 413 936999
1220 6 0 -1 62 464 1053782
1220 6 0 -1 67 468 1062383
1220 6 0 -1 67 468 1062484
1220 6 0 -1 67 468 1062733
1220 6 0 -1 223 549 1244424
1220 6 0 -1 223 549 1245162
1222 1 0 -1 110 642 103324
1224 7 0 -1 19 45 81800
1227 1 0 -1 18 137 23784
1227 1 0 -1 35 148 38162
1228 1 0 -1 16 1 14589
1230 5 0 -1 1 33 41617
1230 5 0 -1 2 33 41784
1230 5 0 -1 3 35 43880
1230 5 0 -1 3 35 44244
1230 5 0 -1 3 36 44487
1230 6 0 -1 0 37 45058
1230 6 0 -1 2 38 45721
1230 6 0 -1 3 40 46772
1230 7 0 -1 0 41 47178
1230 7 0 -1 0 41 47235
1230 7 0 -1 1 41 47403
1230 7 0 -1 2 42 47673
1230 7 0 -1 2 42 47789
1230 7 0 -1 2 42 47989
1230 7 0 -1 3 43 48406
1230 7 0 -1 3 43 48565
1230 7 0 -1 3 43 48666
1230 7 0 -1 3 43 48754
1230 7 0 -1 3 44 49015
1230 7 0 -1 4 44 49352
1230 7 0 -1 5 44 49572
1230 7 0 -1 5 45 49762
1230 7 0 -1 7 45 49949
1230 7 0 -1 8 47 52779
1230 7 0 -1 8 47 53067
1230 7 0 -1 9 48 53826
1230 7 0 -1 11 48 54207
1230 7 0 -1 12 49 54705
1230 7 0 -1 13 49 54761
1230 7 0 -1 14 49 54899
1230 7 0 -1 14 50 55052
1230 7 0 -1 15 50 55178
1230 7 0 -1 15 50 55263
1230 7 0 -1 15 50 55345
1230 7 0 -1 17 51 55754
1230 7 0 -1 18 51 56016
1230 7 0 -1 20 51 56187
1230 7 0 -1 20 52 56343
1230 7 0 -1 20 52 56434
1230 7 0 -1 21 52 56869
1230 7 0 -1 23 54 59272
1230 7 0 -1 23 54 59367
1230 7 0 -1 23 55 59550
1230 7 0 -1 23 55 59718
1230 7 0 -1 23 55 59843
1230 7 0 -1 23 55 60033
1230 7 0 -1 26 56 60400
1230 7 0 -1 29 57 61593
1231 1 0 -1 46 16 29654
1231 1 0 -1 52 372 30988
1231 1 0 -1 60 19 37577
1231 1 0 -1 96 31 59143
1231 1 0 -1 164 55 103055
1231 1 0 -1 173 58 109749
1231 1 0 -1 180 374 114193
1231 1 0 -1 196 377 127928
1231 1 0 -1 219 66 141359
1231 1 0 -1 230 69 148794
1231 1 0 -1 247 76 161971
1231 1 0 -1 269 86 183940
1231 2 0 -1 68 131 274134
1231 2 0 -1 86 367 290047
1231 2 0 -1 199 174 365284
1231 2 0 -1 319 213 441798
1231 2 0 -1 359 225 464019
1231 2 0 -1 389 235 483448
1231 3 0 -1 30 249 505531
1231 3 0 -1 117 288 582081
1231 3 0 -1 146 297 603476
1231 3 0 -1 151 299 607607
1231 4 0 -1 67 357 732039
1236 5 0 -1 35 252 507882
1247 1 0 -1 0 3 3978
1247 4 0 -1 0 1 382160
1247 5 0 -1 59 256 775831
1248 1 0 -1 283 179 198207
1248 2 0 -1 7 231 220378
1248 2 0 -1 13 241 226802
1248 2 0 -1 154 426 339641
1248 3 0 -1 2 456 350042
1248 3 0 -1 4 457 352242
1248 3 0 -1 4 457 352349
1248 3 0 -1 4 457 352481
1248 3 0 -1 4 457 352526
1248 3 0 -1 23 477 366952
1248 3 0 -1 51 512 392569
1248 3 0 -1 61 525 396989
1248 4 0 -1 12 625 460428
1248 4 0 -1 55 674 495597
1248 4 0 -1 70 693 504406
1248 4 0 -1 123 737 538366
1249 1 0 -1 4 145 7950
1249 2 0 -1 31 173 63668
1249 2 0 -1 36 179 76304
1249 3 0 -1 27 218 152453
1250 15 0 -1 30 54 871453
1250 26 0 -1 20 374 1358102
1266 20 0 -1 25 261 339728
1267 2 0 -1 6 30 35116
1267 4 0 -1 29 108 141632
1267 9 0 -1 32 226 299756
1267 13 0 -1 10 268 355498
1274 1 0 -1 165 1 109388
1274 1 0 -1 177 1 121269
1274 1 0 -1 191 1 126563
1274 1 0 -1 194 1 129817
1274 1 0 -1 258 1 167437
1274 1 0 -1 306 1 189410
1274 1 0 -1 335 1 209766
1274 1 0 -1 482 1 306767
1274 1 0 -1 553 1 357754
1277 1 0 -1 57 23 47247
1277 1 0 -1 101 39 73493
1277 1 0 -1 112 43 80774
1277 1 0 -1 122 46 83632
1277 1 0 -1 133 50 91292
1277 1 0 -1 175 63 113713
1277 2 0 -1 37 105 187114
1277 2 0 -1 71 117 205804
1277 2 0 -1 119 137 244294
1277 2 0 -1 127 140 249547
1277 2 0 -1 135 143 255360
1277 2 0 -1 160 150 268273
1277 2 0 -1 173 155 277380
1277 3 0 -1 198 238 415728
1278 11 0 -1 17 760 397465
1280 1 0 -1 84 57 94513
1280 2 0 -1 20 105 159257
1280 2 0 -1 21 105 160128
1280 2 0 -1 53 127 191924
1280 2 0 -1 88 145 220863
1280 6 0 -1 3 289 428410
1280 6 0 -1 26 311 462009
1284 1 0 -1 115 73 93232
1284 1 0 -1 160 98 129081
1284 1 0 -1 289 169 237369
1284 1 0 -1 297 177 242661
1284 1 0 -1 297 177 242718
1284 1 0 -1 322 197 263279
1284 1 0 -1 322 197 264352
1284 1 0 -1 563 321 431722
1284 1 0 -1 953 481 674228
1286 1 0 -1 -1 7790 3487
1286 2 0 -1 -1 678 58462
1286 3 0 -1 -1 610 98226
1286 4 0 -1 -1 759 127529
1294 1 0 -1 2 8 5931
1294 1 0 -1 12 17 22553
1294 1 0 -1 13 19 26382
1294 1 0 -1 18 26 38688
1294 1 0 -1 19 27 40557
1294 1 0 -1 19 28 42933
1294 1 0 -1 20 29 44043
1294 1 0 -1 20 29 44141
1294 1 0 -1 22 30 46781
1294 1 0 -1 26 34 52873
1294 1 0 -1 41 46 75421
1294 1 0 -1 42 46 75651
1294 1 0 -1 42 46 75876
1294 1 0 -1 42 46 75957
1294 1 0 -1 44 48 79624
1294 1 0 -1 92 89 152372
1294 2 0 -1 0 99 170638
1294 2 0 -1 15 112 193450
1294 2 0 -1 25 117 203762
1294 2 0 -1 25 118 204862
1294 2 0 -1 43 134 232673
1294 2 0 -1 45 136 236523
1294 2 0 -1 45 136 236594
1294 2 0 -1 47 137 237965
1294 2 0 -1 48 137 238119
1294 2 0 -1 54 140 245193
1294 2 0 -1 58 144 251123
1294 2 0 -1 58 144 251586
1294 2 0 -1 58 145 253276
1294 2 0 -1 62 147 257670
1294 2 0 -1 64 148 259556
1294 2 0 -1 66 149 261552
1294 2 0 -1 70 152 265428
1294 2 0 -1 73 153 267259
1294 2 0 -1 73 153 268341
1294 2 0 -1 74 154 269308
1294 2 0 -1 74 154 270532
1294 2 0 -1 74 154 270770
1294 2 0 -1 76 156 273554
1294 2 0 -1 77 158 276659
1294 2 0 -1 85 161 283451
1294 2 0 -1 88 168 294611
1294 2 0 -1 90 169 296218
1294 2 0 -1 91 170 297739
1294 2 0 -1 94 172 302219
1294 2 0 -1 94 172 302353
1294 2 0 -1 94 172 302587
1294 2 0 -1 95 172 303076
1294 2 0 -1 96 174 305995
1294 2 0 -1 98 176 310233
1294 2 0 -1 98 177 311009
1294 2 0 -1 98 177 311624
1294 2 0 -1 98 177 311776
1294 2 0 -1 100 178 313183
1294 2 0 -1 101 179 315732
1294 2 0 -1 103 180 318306
1294 2 0 -1 103 180 318363
1294 2 0 -1 110 184 324330
1294 2 0 -1 110 185 325689
1294 2 0 -1 111 185 327226
1294 3 0 -1 1 187 330176
1294 3 0 -1 4 191 336210
1294 3 0 -1 10 197 345646
1294 3 0 -1 16 201 353210
1294 3 0 -1 17 202 356585
1294 3 0 -1 24 207 365384
1294 3 0 -1 26 211 371210
1294 3 0 -1 33 218 383981
1294 3 0 -1 33 218 384293
1294 3 0 -1 34 220 387572
1294 3 0 -1 39 222 391817
1296 6 0 -1 43 76 259729
1296 6 0 -1 43 76 259744
1296 6 0 -1 47 77 263496
1296 6 0 -1 47 77 263511
1296 15 0 -1 12 7791 655506
1296 15 0 -1 12 7791 657352
1296 15 0 -1 14 7791 657929
1296 15 0 -1 14 7791 657943
1296 15 0 -1 14 7791 657949
1298 6 0 -1 15 866 139449
1298 14 0 -1 2 991 406619
1300 7 1 0 26 71 107381
1301 19 0 -1 20 122 259319
1302 1 0 -1 80 89 64313
1302 4 0 -1 75 604 368837
1302 4 0 -1 80 608 370918
1302 4 0 -1 92 617 379776
1303 1 0 -1 6 237 14393
1303 1 0 -1 10 239 18126
1303 1 0 -1 10 239 18641
1303 1 0 -1 10 240 20748
1303 1 0 -1 21 248 34880
1303 1 0 -1 21 249 37111
1303 1 0 -1 24 251 40480
1303 1 0 -1 27 253 44060
1303 1 0 -1 28 254 47183
1303 1 0 -1 29 255 49235
1303 1 0 -1 29 256 50436
1303 1 0 -1 29 257 51531
1303 1 0 -1 43 269 73980
1303 1 0 -1 44 270 77225
1303 1 0 -1 44 273 81779
1303 1 0 -1 44 273 82073
1303 1 0 -1 49 279 93766
1303 1 0 -1 50 280 94432
1303 1 0 -1 50 280 94744
1303 1 0 -1 51 282 98647
1303 1 0 -1 54 284 102258
1303 1 0 -1 55 285 104074
1303 1 0 -1 55 286 105514
1303 1 0 -1 56 287 107494
1303 1 0 -1 57 288 109720
1303 1 0 -1 60 290 113322
1303 1 0 -1 67 294 119531
1303 1 0 -1 68 294 120241
1303 1 0 -1 69 295 122537
1303 1 0 -1 74 300 131146
1303 1 0 -1 77 301 132812
1303 1 0 -1 79 302 135755
1303 1 0 -1 80 303 136788
1303 1 0 -1 91 310 150496
1303 1 0 -1 93 312 152878
1303 1 0 -1 93 312 153608
1303 1 0 -1 93 312 153745
1303 1 0 -1 94 314 157443
1303 1 0 -1 95 315 158540
1303 1 0 -1 99 318 165239
1303 1 0 -1 99 319 166241
1303 1 0 -1 101 321 170963
1303 1 0 -1 103 323 174188
1303 1 0 -1 104 325 178350
1303 1 0 -1 104 325 178664
1303 1 0 -1 107 328 183883
1303 1 0 -1 116 335 196992
1303 1 0 -1 118 337 199433
1303 1 0 -1 123 341 207698
1303 1 0 -1 123 341 207999
1303 1 0 -1 125 343 211405
1303 1 0 -1 125 343 211769
1303 1 0 -1 126 344 212228
1303 1 0 -1 127 345 214026
1303 1 0 -1 127 345 214476
1303 1 0 -1 127 346 216322
1303 1 0 -1 132 350 223448
1303 1 0 -1 132 351 226343
1303 1 0 -1 136 357 235819
1303 1 0 -1 136 357 236686
1303 1 0 -1 144 369 258114
1303 1 0 -1 144 369 258200
1303 1 0 -1 144 369 258857
1303 1 0 -1 147 372 264390
1303 1 0 -1 150 376 272231
1303 1 0 -1 150 376 272420
1303 1 0 -1 150 376 272592
1303 1 0 -1 150 377 272921
1303 1 0 -1 152 378 275994
1303 1 0 -1 155 380 278991
1303 1 0 -1 155 381 280727
1303 2 0 -1 1 382 282785
1303 2 0 -1 2 382 283379
1303 2 0 -1 2 382 283547
1303 2 0 -1 3 385 287510
1303 2 0 -1 3 385 288366
1303 2 0 -1 5 388 294461
1303 2 0 -1 7 391 300329
1303 2 0 -1 8 394 304970
1303 2 0 -1 8 395 306687
1303 2 0 -1 9 395 307323
1303 2 0 -1 9 396 307655
1303 2 0 -1 9 396 308577
1303 2 0 -1 11 398 311532
1303 2 0 -1 11 398 312212
1304 11 0 -1 8 49 83815
1304 11 0 -1 12 52 88687
1305 1 0 -1 12 10 7615
1308 12 0 -1 18 249 476317
1310 4 0 -1 57 511 373598
1312 2 0 -1 258 106 268416
1312 3 0 -1 104 206 516103
1312 4 0 -1 91 266 668832
1312 4 0 -1 186 311 780802
1312 5 0 -1 120 372 936538
1312 5 0 -1 310 444 1112587
1316 5 0 -1 46 177 273744
1317 40 0 -1 -1 1109 172994
1318 4 0 -1 -1 120 193560
1318 5 0 -1 -1 156 240651
1318 6 0 -1 -1 172 262181
1318 7 0 -1 -1 195 294238
1318 8 0 -1 -1 220 327777
1318 9 0 -1 -1 290 421331
1318 10 0 -1 -1 317 456128
1318 10 0 -1 9 331 475913
1318 10 0 -1 13 335 481819
1318 10 0 -1 22 370 519840
1318 10 0 -1 29 392 547776
1318 10 0 -1 64 442 606236
1318 10 0 -1 120 551 738631
1318 10 0 -1 134 573 772213
1318 10 0 -1 137 577 777328
1318 10 0 -1 137 578 778667
1318 10 0 -1 137 579 780426
1318 10 0 -1 143 590 798606
1318 11 0 -1 -1 664 905909
1319 1 0 -1 223 90 153154
1320 2 0 -1 7 113 29857
1320 4 0 -1 2 134 57532
1327 3 0 -1 -1 31 58039
1327 4 0 -1 -1 256 410090
1327 5 0 -1 -1 344 547982
1329 1 0 -1 24 17 39606
1329 1 0 -1 141 107 188323
1329 1 0 -1 340 24 414887
1329 1 0 -1 508 157 636419
1330 3 0 -1 18 103 194654
1330 4 0 -1 20 177 290469
1330 5 0 -1 9 212 335423
1330 5 0 -1 36 298 442481
1330 5 0 -1 38 302 447759
1330 6 0 -1 0 305 451044
1330 6 0 -1 0 305 451066
1330 6 0 -1 0 305 451108
1333 1 10 0 4 77 87498
1333 2 1 0 8 93 126482
1333 2 13 0 27 7455 226221
1336 23 0 -1 22 7791 167056
1357 1 0 -1 11 68 15003
1358 1 0 -1 207 224 243881
1358 1 0 -1 344 231 260377
1358 1 0 -1 344 231 260380
1362 1 0 -1 127 198 234171
1362 1 0 -1 128 198 234486
1362 1 0 -1 160 202 242206
1362 1 0 -1 167 203 243553
1365 1 2 2 -1 163 398809
1372 4 0 -1 50 7791 282023
1373 2 0 -1 94 49 133173
1373 2 0 -1 94 49 133196
1376 2 0 -1 -1 111 5590
1376 2 0 -1 6 17 23714
1376 2 0 -1 8 23 33227
1376 2 0 -1 23 57 78853
1376 2 0 -1 52 94 132526
1376 2 0 -1 57 107 155524
1376 2 0 -1 86 161 238140
1376 2 0 -1 115 232 347843
1376 2 0 -1 116 238 356445
1376 2 0 -1 116 242 361547
1376 2 0 -1 120 249 371346
1376 3 0 -1 -1 283 415234
1376 3 0 -1 20 329 491824
1376 3 0 -1 34 344 515656
1376 4 0 -1 -1 374 561217
1376 4 0 -1 19 393 582675
1376 4 0 -1 24 404 598356
1376 4 0 -1 24 408 606121
1377 51 0 -1 -1 375 848788
1379 1 0 -1 432 205 369951
1381 1 3 0 26 32 82352
1384 1 0 -1 1187 306 478659
1384 1 0 -1 1203 309 486956
1384 1 0 -1 1203 309 487339
1386 1 0 -1 764 507 288153
1390 50 0 -1 -1 160 41908
1394 32 0 -1 29 320 864332
1395 2 10 0 72 234 657233
1395 2 17 0 21 274 783097
1395 2 17 0 22 275 783743
1395 5 7 0 24 669 1917867
1395 6 7 0 154 875 2488515
1396 3 0 -1 6 73 85012
1397 10 0 -1 5 184 342174
1397 11 0 -1 35 207 390174
1399 1 2 0 329 372 460885
1408 1 0 -1 170 1 81972
1408 1 0 -1 246 1 145853
1412 2 0 -1 59 125 43435
1412 2 0 -1 91 129 53589
1412 4 3 0 6 153 84807
1412 4 3 0 21 156 92732
1412 4 3 0 129 176 134064
1413 5 0 -1 35 677 343269
1418 1 0 -1 54 475 15959
1419 1 0 -1 404 410 191540
1424 50 0 -1 -1 7790 1067874
1426 1 0 -1 1 15 3840
1426 1 0 -1 90 39 56945
1426 1 0 -1 154 64 113583
1426 1 0 -1 695 223 478911
1426 1 0 -1 825 281 620327
1427 1 0 -1 118 1 55084
1427 1 0 -1 120 1 55881
1429 1 0 -1 138 20 67058
1456 1 2 5 86 391 131570
1456 1 3 11 23 514 436241
1456 1 3 12 6 530 474769
1456 1 3 12 6 530 476430
1456 1 4 3 14 564 561649
1456 1 4 3 26 566 565987
1458 1 0 -1 544 77 190817
1465 1 1 0 265 287 158789
1465 1 2 0 201 347 308115
1468 10 0 -1 11 162 123360
1468 10 0 -1 11 163 123938
1468 10 0 -1 12 163 124184
1469 1 0 -1 2270 478 954664
1469 1 0 -1 2523 531 1064694
1469 1 0 -1 3390 717 1446635
1472 10 0 -1 25 80 95881
1475 2 0 -1 131 61 113838
1478 9 0 -1 8 251 394027
1481 1 0 -1 16 1 3226
1483 13 0 -1 12 427 864456
1484 2 0 -1 13 68 129410
1485 2 0 -1 1 51 79466
1486 1 0 -1 1 10 4050
1486 2 0 -1 24 94 170584
1486 2 0 -1 34 106 189663
1486 3 0 -1 67 211 395883
1486 5 0 -1 48 292 574526
1486 8 0 -1 8 414 811444
1486 10 0 -1 2 490 970049
1486 12 0 -1 47 605 1194529
1486 14 0 -1 13 732 1268972
1487 1 0 -1 348 92 130192
1488 1 0 -1 10 166 21706
1488 1 0 -1 13 170 29387
1488 3 0 -1 9 195 84449
1488 3 0 -1 9 195 84529
1488 3 0 -1 40 215 129374
1488 4 0 -1 3 220 141219
1488 5 0 -1 24 241 188595
1488 5 0 -1 39 247 200141
1488 7 0 -1 40 295 304640
1488 11 0 -1 38 385 501616
1488 11 0 -1 74 405 542708
1489 2 0 -1 36 1 44578
1489 12 0 -1 9 1 240074
1489 12 0 -1 35 1 252333
1489 12 0 -1 65 1 255462
1490 16 0 -1 5 101 88915
1490 20 0 -1 4 127 130660
1490 27 0 -1 3 159 182391
1490 50 0 -1 -1 271 360682
1490 59 0 -1 8 345 480385
1490 74 0 -1 13 431 613752
1490 76 0 -1 109 468 673353
1492 14 0 -1 15 449 368671
1492 16 0 -1 7 465 404439
1492 16 0 -1 7 465 405048
1492 16 0 -1 10 466 406230
1496 35 0 -1 17 286 808358
1496 59 0 -1 3 358 1038860
1496 64 0 -1 2 370 1079990
1496 73 0 -1 53 444 1319750
1496 77 0 -1 6 484 1450603
1496 86 0 -1 18 514 1530322
1496 105 0 -1 18 591 1765388
1496 105 0 -1 19 592 1766454
1496 129 0 -1 3 662 1957166
1496 145 0 -1 7 691 2041165
1497 2 0 -1 -1 7794 9379
1497 3 0 -1 -1 323 459346
1497 4 0 -1 -1 393 564441
1498 1 0 -1 39 56 81539
1499 1 0 -1 282 246 81669
1499 1 0 -1 434 271 135531
1499 2 0 -1 439 391 367878
1499 3 0 -1 403 492 605319
1500 7 0 -1 27 124 221411
1501 1 0 -1 121 305 344949
1501 1 0 -1 124 309 353114
1501 1 0 -1 126 314 362994
1501 1 0 -1 126 315 363061
1503 5 0 -1 114 237 296261
1509 2 4 0 8 377 443659
1509 2 5 0 50 398 499072
1509 2 6 0 3 401 505633
1509 2 11 0 3 441 606840
1509 2 18 0 6 531 837586
1509 2 18 0 19 533 842959
1509 2 18 0 44 538 856538
1513 2 0 -1 74 94 152961
1513 3 0 -1 34 158 247101
1513 3 0 -1 37 160 250326
1513 3 0 -1 67 191 300175
1514 1 0 -1 855 183 422900
1516 1 0 -1 61 10 70388
1516 1 0 -1 89 14 104244
1516 1 0 -1 397 53 411943
1517 4 0 -1 118 62 201913
1518 1 0 -1 20 298 27041
1518 3 0 -1 144 410 258692
1518 5 0 -1 82 49 472154
1518 5 0 -1 112 71 510839
1528 1 0 -1 79 7790 24408
1529 10 0 -1 1 73 252173
1529 10 0 -1 155 96 344081
1529 11 0 -1 14 104 369485
1529 13 2 0 5 163 589031
1529 19 0 -1 16 245 889620
1529 22 0 -1 13 263 955668
1529 25 0 -1 23 281 1022647
1529 25 0 -1 23 281 1022747
1529 25 0 -1 23 281 1023020
1529 25 0 -1 23 281 1024018
1529 27 0 -1 12 7791 1070639
1529 27 0 -1 188 7791 1108234
1532 1 0 -1 50 29 53907
1532 1 0 -1 548 225 404079
1532 1 0 -1 584 250 451191
1533 1 0 -1 19 97 24531
1533 1 0 -1 68 123 67833
1533 1 0 -1 110 154 123032
1534 2 0 -1 75 22 26069
1534 2 0 -1 168 29 48969
1534 2 0 -1 170 29 49226
1534 2 0 -1 191 30 54137
1534 2 0 -1 192 31 54806
1534 44 0 -1 228 7791 1364813
1534 44 0 -1 250 7791 1370642
1534 44 0 -1 638 7791 1452647
1534 44 0 -1 1234 7791 1594886
1541 1 0 -1 255 178 250953
1541 1 0 -1 258 178 251828
1541 1 0 -1 258 178 251885
1541 1 0 -1 258 178 251927
1541 1 0 -1 259 178 251995
1541 1 0 -1 452 301 418449
1541 1 0 -1 453 301 418640
1541 1 0 -1 454 301 418775
1541 1 0 -1 492 322 443959
1541 1 0 -1 494 324 445554
1541 1 0 -1 632 404 549876
1545 4 0 -1 83 243 450882
1545 5 0 -1 50 301 558477
1547 2 0 -1 26 64 108401
1550 5 3 0 2 7790 373614
1554 2 0 -1 67 26 64571
1554 2 0 -1 69 26 65427
1554 5 0 -1 44 74 227093
1554 18 0 -1 82 7791 959686
1554 18 0 -1 204 7791 984694
1554 18 0 -1 256 7791 1002703
1554 18 0 -1 372 7791 1033468
1554 18 0 -1 442 7791 1046364
1554 18 0 -1 456 7791 1048938
1554 18 0 -1 718 7791 1109046
1554 18 0 -1 832 7791 1137619
1554 18 0 -1 1072 7791 1199078
1554 18 0 -1 1170 7791 1219909
1554 18 0 -1 1312 7791 1251153
1556 1 0 -1 183 358 290899
1556 5 0 -1 3 4 1161553
1556 6 0 -1 160 316 1795320
1557 1 0 -1 2 26 10299
1559 4 0 -1 30 83 178080
1559 6 0 -1 16 110 236219
1560 1 0 -1 0 497 4292
1560 1 0 -1 1 497 4476
1560 1 0 -1 40 501 10505
1560 1 0 -1 51 503 13574
1560 1 0 -1 66 505 17707
1561 1 0 -1 -1 7790 3793
1561 2 0 -1 -1 7 7376
1561 3 0 -1 -1 11 8206
1561 4 0 -1 -1 18 10383
1561 5 0 -1 -1 19 11660
1561 6 0 -1 -1 25 12459
1561 7 0 -1 -1 30 14883
1561 8 0 -1 -1 35 16607
1561 9 0 -1 -1 41 22628
1561 9 0 -1 0 48 22898
1561 10 0 -1 -1 62 36884
1561 11 0 -1 -1 70 43844
1561 12 0 -1 -1 76 46370
1561 13 0 -1 -1 80 48302
1561 14 0 -1 -1 86 50619
1561 15 0 -1 -1 88 51857
1561 16 0 -1 -1 106 64982
1561 17 0 -1 -1 111 68278
1561 18 0 -1 -1 113 69239
1561 19 0 -1 -1 116 70275
1561 20 0 -1 -1 119 71675
1561 21 0 -1 -1 124 75235
1561 22 0 -1 -1 128 76842
1561 23 0 -1 -1 129 77502
1561 24 0 -1 -1 131 78605
1561 25 0 -1 -1 140 84047
1561 26 0 -1 -1 141 84863
1561 27 0 -1 -1 142 85664
1561 28 0 -1 -1 146 86434
1561 29 0 -1 -1 156 96588
1561 30 0 -1 -1 161 99163
1561 31 0 -1 -1 163 100586
1561 32 0 -1 -1 171 105369
1561 33 0 -1 -1 7 107464
1561 35 0 -1 -1 14 109627
1561 36 0 -1 -1 17 110539
1561 37 0 -1 -1 21 111276
1561 38 0 -1 -1 26 113984
1561 40 0 -1 -1 32 117262
1561 41 0 -1 -1 35 119606
1561 42 0 -1 -1 38 120204
1561 43 0 -1 -1 41 121381
1561 44 0 -1 -1 46 122917
1561 45 0 -1 -1 50 123582
1561 46 0 -1 -1 51 125429
1561 47 0 -1 -1 55 126787
1561 48 0 -1 -1 56 127773
1561 49 0 -1 -1 58 129363
1561 50 0 -1 -1 64 131952
1561 51 0 -1 -1 68 133465
1561 52 0 -1 -1 72 135462
1561 53 0 -1 -1 73 136268
1561 54 0 -1 -1 79 139128
1561 55 0 -1 -1 85 141589
1561 56 0 -1 -1 87 142579
1561 57 0 -1 -1 93 145359
1561 58 0 -1 -1 97 147267
1561 59 0 -1 -1 100 148740
1561 60 0 -1 -1 105 152523
1561 61 0 -1 -1 110 153600
1561 61 0 -1 4 121 157378
1561 62 0 -1 -1 140 173930
1561 63 0 -1 -1 147 179677
1561 64 0 -1 -1 147 180042
1561 65 0 -1 -1 152 181350
1561 66 0 -1 -1 153 182582
1561 67 0 -1 -1 159 184337
1561 67 0 -1 1 166 186381
1561 68 0 -1 -1 168 188377
1561 69 0 -1 -1 175 189692
1561 70 0 -1 -1 178 193005
1561 71 0 -1 -1 186 194471
1561 72 0 -1 -1 193 196944
1561 73 0 -1 -1 198 201355
1561 74 0 -1 -1 201 203231
1561 75 0 -1 -1 204 204132
1561 76 0 -1 -1 210 211882
1561 77 0 -1 -1 218 215716
1561 78 0 -1 -1 222 217587
1561 79 0 -1 -1 225 219425
1561 80 0 -1 -1 230 224069
1561 81 0 -1 -1 234 225807
1561 82 0 -1 -1 239 227573
1561 83 0 -1 -1 248 233673
1561 84 0 -1 -1 256 236290
1561 85 0 -1 -1 257 236886
1561 86 0 -1 -1 263 239804
1561 87 0 -1 -1 266 241125
1561 88 0 -1 -1 272 243252
1561 89 0 -1 -1 280 246451
1561 89 0 -1 13 309 265943
1561 90 0 -1 -1 331 283860
1561 91 0 -1 -1 340 285488
1561 92 0 -1 -1 342 286203
1561 93 0 -1 -1 354 291786
1561 94 0 -1 -1 357 293151
1561 95 0 -1 -1 359 294836
1561 96 0 -1 -1 366 297169
1561 97 0 -1 -1 368 298973
1561 98 0 -1 -1 372 300494
1561 99 0 -1 -1 376 302903
1561 100 0 -1 -1 378 303633
1561 101 0 -1 -1 380 304958
1561 102 0 -1 -1 388 307541
1561 103 0 -1 -1 393 309611
1561 104 0 -1 -1 399 310500
1561 105 0 -1 -1 410 319229
1561 106 0 -1 -1 415 320604
1561 107 0 -1 -1 426 327480
1561 108 0 -1 -1 4 329687
1561 109 0 -1 -1 9 331222
1561 110 0 -1 -1 36 357106
1561 111 0 -1 -1 38 358919
1561 112 0 -1 -1 39 359540
1561 113 0 -1 -1 49 364646
1561 114 0 -1 -1 54 368799
1561 115 0 -1 -1 56 370064
1561 116 0 -1 -1 64 374395
1561 117 0 -1 -1 65 376016
1561 118 0 -1 -1 70 377670
1561 119 0 -1 -1 75 379879
1561 120 0 -1 -1 82 381729
1561 121 0 -1 -1 86 384623
1561 122 0 -1 -1 92 389017
1561 123 0 -1 -1 96 390683
1561 124 0 -1 -1 100 393996
1561 125 0 -1 -1 107 396599
1561 126 0 -1 -1 109 397875
1561 127 0 -1 -1 111 398749
1561 128 0 -1 -1 116 403613
1561 129 0 -1 -1 118 405173
1561 130 0 -1 -1 122 406423
1561 131 0 -1 -1 129 409375
1561 132 0 -1 -1 136 411241
1561 133 0 -1 -1 143 413280
1561 134 0 -1 -1 172 436853
1561 135 0 -1 -1 179 438346
1561 136 0 -1 -1 190 442995
1561 137 0 -1 -1 193 444833
1561 138 0 -1 -1 198 446219
1561 139 0 -1 -1 203 450653
1561 140 0 -1 -1 250 487462
1561 141 0 -1 -1 259 488249
1561 142 0 -1 -1 269 498484
1561 143 0 -1 -1 287 504762
1561 144 0 -1 -1 290 507175
1561 145 0 -1 -1 291 508013
1561 146 0 -1 -1 293 508746
1561 147 0 -1 -1 304 512146
1561 148 0 -1 -1 305 513259
1561 149 0 -1 -1 315 518422
1561 150 0 -1 -1 328 526649
1561 151 0 -1 -1 340 533783
1561 152 0 -1 -1 343 535284
1561 153 0 -1 -1 351 538625
1561 154 0 -1 -1 357 540161
1561 155 0 -1 -1 362 541851
1561 156 0 -1 -1 372 543622
1561 157 0 -1 -1 420 575013
1561 158 0 -1 -1 430 576444
1561 159 0 -1 -1 430 577108
1561 160 0 -1 -1 475 623972
1566 1 0 -1 25 32 50828
1566 1 0 -1 42 45 69324
1566 1 0 -1 134 97 144697
1566 1 0 -1 156 101 150493
1566 1 0 -1 191 120 178120
1566 1 0 -1 211 143 214190
1572 2 0 -1 -1 7853 55390
1572 3 0 -1 -1 85 146051
1572 4 0 -1 -1 185 258599
1572 5 0 -1 -1 225 305118
1578 26 0 -1 160 220 328310
1582 1 0 -1 31 41 60224
1582 1 0 -1 36 54 78685
1582 1 0 -1 68 117 163468
1583 3 0 -1 35 154 162174
1583 3 0 -1 35 154 162190
1588 1 0 -1 193 51 81169
1588 2 0 -1 361 150 255743
1588 3 0 -1 336 331 570594
1588 4 0 -1 625 643 1109706
1590 2 0 -1 491 398 673875
1590 2 0 -1 1170 559 956385
1592 1 0 -1 104 35 45236
1592 1 0 -1 701 180 258985
1592 1 0 -1 703 181 260144
1592 2 0 -1 57 250 363544
1592 2 0 -1 369 323 471160
1593 2 0 -1 -1 11 4833
1593 3 0 -1 -1 301 475190
1594 2 0 -1 81 440 648505
1597 8 0 -1 9 79 93379
1597 12 0 -1 2 101 137384
1597 19 0 -1 26 177 246082
1597 20 0 -1 22 250 334118
1597 20 0 -1 22 250 334743
1597 20 0 -1 22 250 334948
1597 20 0 -1 22 251 336003
1597 21 0 -1 0 252 339064
1597 21 0 -1 0 252 339195
1599 17 0 -1 2 420 245150
1602 1 0 -1 67 267 37776
1602 6 0 -1 10 257 286636
1603 1 0 -1 477 239 446445
1608 22 0 -1 13 135 366658
1608 24 0 -1 7 141 379919
1608 28 0 -1 1 156 410675
1608 29 0 -1 6 161 421361
1608 35 0 -1 13 176 449936
1608 37 0 -1 7 182 455702
1608 37 0 -1 14 183 458010
1608 55 0 -1 0 219 532158
1608 56 0 -1 4 221 536543
1608 76 0 -1 4 293 717664
1608 112 0 -1 16 443 1123655
1608 114 0 -1 18 456 1153475
1608 124 0 -1 14 497 1257556
1608 125 0 -1 5 500 1266059
1608 131 0 -1 38 535 1355122
1613 1 0 -1 144 129 111974
1613 1 0 -1 167 149 130210
1613 1 0 -1 167 150 130791
1614 2 0 -1 380 298 628014
1614 2 0 -1 452 310 654371
1614 5 0 -1 35 700 1481677
1614 5 0 -1 208 782 1657835
1614 5 0 -1 225 788 1670016
1614 5 0 -1 225 788 1670023
1614 5 0 -1 289 813 1723735
1614 6 0 -1 110 872 1847627
1614 7 0 -1 90 35 2121895
1617 6 0 0 6 56 174048
1620 19 0 -1 7 245 107291
1620 20 0 -1 6 269 123646
1620 21 0 -1 5 299 131641
1620 24 0 -1 9 371 152481
1620 24 0 -1 18 390 159260
1620 26 0 -1 6 415 174956
1623 1 0 -1 64 40 101869
1623 1 0 -1 455 238 596171
1624 20 0 -1 0 176 301405
1624 20 0 -1 2 177 303049
1624 20 0 -1 26 180 311351
1624 20 0 -1 26 180 311500
1624 20 0 -1 56 187 324601
1624 59 0 -1 1 589 1187044
1624 59 0 -1 2 589 1187833
1626 15 0 -1 28 1058 347310
1626 15 0 -1 62 1067 366907
1626 15 0 -1 62 1068 367096
1626 15 0 -1 65 1068 367486
1626 20 0 -1 33 1171 568563
1626 29 0 -1 38 1285 791126
1627 1 0 -1 1 14 7018
1627 5 0 -1 0 115 52531
1627 5 0 -1 1 117 55769
1627 8 0 -1 1 166 73685
1627 9 0 -1 7 184 83395
1627 10 0 -1 2 204 91505
1627 10 0 -1 13 207 95541
1628 1 0 -1 25 28 45594
1632 11 0 -1 9 62 71919
1632 15 0 -1 0 85 102759
1632 17 0 -1 2 94 113921
1633 30 0 -1 26 154 157346
1634 1 0 -1 13 8 19783
1634 1 0 -1 261 78 150070
1634 1 0 -1 297 86 163341
1634 1 0 -1 607 172 319098
1635 1 0 -1 77 27 52397
1636 2 0 -1 -1 6 14291
1636 3 0 -1 -1 40 71973
1636 3 0 -1 26 66 113886
1636 4 0 -1 -1 143 250545
1636 5 0 -1 -1 287 507344
1636 6 0 -1 -1 460 824613
1637 1 0 -1 466 301 388534
1637 1 0 -1 471 305 392778
1642 16 0 -1 3 334 126460
1642 16 0 -1 7 335 126734
1642 16 0 -1 11 335 126958
1644 7 0 -1 51 141 391066
1644 9 0 -1 16 168 454519
1645 3 0 -1 -1 12 11069
1645 4 0 -1 -1 17 11783
1645 5 0 -1 -1 19 13486
1645 6 0 -1 -1 21 15772
1645 7 0 -1 -1 27 22434
1645 8 0 -1 -1 29 23659
1645 9 0 -1 -1 30 24449
1645 10 0 -1 -1 34 28801
1645 11 0 -1 -1 39 32077
1645 12 0 -1 -1 40 33124
1645 13 0 -1 -1 43 35868
1645 14 0 -1 -1 47 39472
1645 15 0 -1 -1 49 40870
1645 16 0 -1 -1 50 41828
1645 17 0 -1 -1 55 47008
1645 18 0 -1 -1 56 47818
1645 19 0 -1 -1 68 60947
1645 20 0 -1 -1 72 62172
1645 21 0 -1 -1 74 63642
1645 22 0 -1 -1 78 67434
1645 23 0 -1 -1 80 68716
1645 24 0 -1 -1 83 71164
1645 25 0 -1 -1 84 72121
1645 25 0 -1 2 88 75547
1645 26 0 -1 -1 92 79920
1645 27 0 -1 -1 95 81054
1645 28 0 -1 -1 97 83003
1645 29 0 -1 -1 99 84191
1645 30 0 -1 -1 101 85571
1645 31 0 -1 -1 103 87090
1645 32 0 -1 -1 107 90565
1645 33 0 -1 -1 110 93859
1645 34 0 -1 -1 112 95348
1645 35 0 -1 -1 113 96471
1645 36 0 -1 -1 115 97663
1645 37 0 -1 -1 120 103486
1645 38 0 -1 -1 138 118816
1645 39 0 -1 -1 144 125109
1645 40 0 -1 -1 149 127429
1645 41 0 -1 -1 155 131707
1645 42 0 -1 -1 160 136115
1645 43 0 -1 -1 162 137811
1645 44 0 -1 -1 163 138483
1645 45 0 -1 -1 164 139420
1645 46 0 -1 -1 165 139960
1645 46 0 -1 0 168 141922
1645 47 0 -1 -1 169 143563
1645 48 0 -1 -1 170 144537
1645 49 0 -1 -1 173 147632
1645 50 0 -1 -1 177 150891
1645 51 0 -1 -1 179 152332
1645 52 0 -1 -1 182 154718
1645 53 0 -1 -1 183 155453
1645 54 0 -1 -1 185 156740
1645 55 0 -1 -1 187 158345
1645 56 0 -1 -1 190 161142
1645 57 0 -1 -1 192 162834
1645 58 0 -1 -1 194 164098
1645 59 0 -1 -1 197 167333
1645 60 0 -1 -1 203 172642
1645 61 0 -1 -1 209 173606
1645 62 0 -1 -1 216 180718
1645 63 0 -1 -1 217 181709
1645 64 0 -1 -1 222 183855
1645 65 0 -1 -1 224 185197
1645 66 0 -1 -1 227 188299
1645 67 0 -1 -1 229 189912
1645 68 0 -1 -1 235 192289
1645 69 0 -1 -1 240 196807
1645 70 0 -1 -1 245 200991
1645 71 0 -1 -1 248 204178
1645 72 0 -1 -1 262 218357
1645 73 0 -1 -1 264 219608
1645 74 0 -1 -1 268 224002
1645 75 0 -1 -1 270 225370
1645 76 0 -1 -1 273 226110
1645 77 0 -1 -1 275 228066
1645 78 0 -1 -1 277 229881
