1152 10 0 -1 221 801 1941715
1534 44 0 -1 1210 7791 1585682
1554 18 0 -1 154 7791 972985
1732 8 0 -1 900 7791 1121906
1790 43 1 0 20 190 332058
1791 3 0 -1 4 13 23701
2275 7 0 -1 17 110 243270
2275 7 0 -1 17 110 244266
2275 8 0 -1 2 134 301769
2275 15 0 -1 3 235 532742
2275 15 0 -1 3 235 532769
2275 17 0 -1 4 251 565387
2275 17 0 -1 18 265 598768
2275 17 0 -1 18 265 599177
2275 19 0 -1 8 306 661517
2275 24 0 -1 12 402 864454
2297 2 0 -1 4 45 95522
2297 4 0 -1 0 77 168425
2297 5 0 -1 7 113 239197
2623 4 0 -1 59 132 291748
